9 19071.6
19 18359.2
29 16875
39 16050.7
49 19317
59 11658.5
69 25445.1
79 15627.3
89 21767.1
99 24098.6
109 29177.9
119 20961.3
129 15002.2
139 15114.3
149 38777.5
159 11974.6
169 10020.8
179 21301.5
189 27117.4
199 25446.1
209 19062.4
219 40272.1
229 35099.9
239 27246.6
249 8543
259 13722
269 13882.8
279 14999.4
289 25940.7
299 28472
309 20184.4
319 14741.1
329 30836.6
339 18089.7
349 22655.7
359 20502.1
369 22764.1
379 16238.5
389 8232.3
399 31006.5
409 24686.7
419 6483.6
429 11854.4
439 24563.6
449 17518.7
459 16711.8
469 11382.5
479 14051.8
489 13488.2
499 26166.4
509 14491.3
519 19462.4
529 16524.1
539 14872.3
549 25692.5
559 14045.3
569 21337.4
579 13739.4
589 15867.1
599 15371.8
609 31398
619 17293.3
629 27425.3
639 6951.75
649 16254.2
659 21723.1
669 21404.3
679 24562.4
689 40584.1
699 14463.9
709 22883.5
719 25394.4
729 32113.8
739 20490
749 25509.5
759 32583
769 14121.4
779 23710.5
789 20007.9
799 23925.7
809 33340.8
819 14330.7
829 20698.7
839 18019
849 14679.3
859 7453.5
869 31180.6
879 21281.4
889 25307.3
899 24226.9
909 24962.8
919 20048.1
929 30291.3
939 16828.2
949 10159.2
959 18667.7
969 30959.6
979 22594.6
989 17062.2
999 8575.05
1009 8427.65
1019 16796.1
1029 14739.9
1039 21600.8
1049 7669.85
1059 16168.2
1069 17475.2
1079 30965.6
1089 19902.4
1099 16437.5
1109 19492.1
1119 21080.3
1129 18430.1
1139 22593.8
1149 14533.4
1159 16316.4
1169 14474.9
1179 20250.4
1189 12302.5
1199 17578.6
1209 18141.4
1219 29457.9
1229 30587.1
1239 11107.1
1249 22612.6
1259 20773.1
1269 18102.8
1279 27866.1
1289 30892.2
1299 27832.1
1309 27455.8
1319 25516.2
1329 18614.2
1339 15735.6
1349 25464.2
1359 19930.5
1369 16007
1379 15175.9
1389 14190.3
1399 17254.9
1409 13630.1
1419 29595.6
1429 11053.8
1439 22800.6
1449 12723.5
1459 30349.7
1469 30465.4
1479 21332.2
1489 30520
1499 12653.1
1509 13440.4
1519 27809.7
1529 23372.7
1539 13363.4
1549 11636.9
1559 23042.5
1569 11799.2
1579 16254.8
1589 17736.9
1599 13706.1
1609 11848.7
1619 22778.6
1629 31252.4
1639 23176.1
1649 32323.9
1659 16149.7
1669 12717.3
1679 13779.2
1689 26302.1
1699 13811
1709 14333.1
1719 16304.6
1729 32150
1739 12061.4
1749 15634.5
1759 15902.4
1769 11108.4
1779 17144.8
1789 20732
1799 17122.9
1809 18693.1
1819 25521.1
1829 26055.2
1839 20403.5
1849 33935
1859 18251.2
1869 20942.2
1879 37159.9
1889 23088.7
1899 17945.5
1909 27827.1
1919 14103.8
1929 19645.8
1939 40852.7
1949 18341
1959 17716.4
1969 16311.5
1979 11664
1989 24713.2
1999 9501.05
2009 24247.6
2019 10574.9
2029 28718.6
2039 21664.7
2049 16246.9
2059 24610.1
2069 18702.1
2079 12812.1
2089 23697.7
2099 18137
2109 25724
2119 23583.7
2129 36557.4
2139 22211.4
2149 12502.8
2159 20061.3
2169 16334.7
2179 26668.6
2189 18688.3
2199 32741.7
2209 15281.9
2219 17536.4
2229 15110.9
2239 27014.5
2249 21626
2259 7252.95
2269 14079.5
2279 31462
2289 25512.2
2299 22496.1
2309 13979.9
2319 26017.8
2329 12172.5
2339 28543.7
2349 30644.2
2359 28942.6
2369 27442.2
2379 29570
2389 28060.3
2399 29228.1
2409 19654.6
2419 12352.2
2429 13338.4
2439 31655.2
2449 15004.7
2459 20755
2469 21947.5
2479 18887
2489 19038.7
2499 16523.5
