9 269229
19 707682
29 862347
39 320693
49 299185
59 105415
69 168132
79 325078
89 208151
99 258087
109 77652.9
119 172415
129 28112.4
139 117762
149 119081
159 152930
169 44376.2
179 294747
189 200283
199 18733.8
209 88075
219 112546
229 286316
239 95957.2
249 44080.5
259 97856.9
269 120346
279 45343.9
289 157057
299 90556.2
309 218121
319 148199
329 13385.7
339 108087
349 52610.2
359 179695
369 89526.7
379 1421.55
389 106531
399 40921.5
409 39575.2
419 98780.6
429 39697.3
439 58826.7
449 106779
459 37029.1
469 124655
479 53229.2
489 107482
499 50191.4
509 90011.9
519 115149
529 54024
539 70105.6
549 150332
559 107650
569 206523
579 66523.6
589 44934.4
599 60611.6
609 142412
619 38862.7
629 59722.9
639 66328.5
649 104769
659 15345.8
669 151597
679 127480
689 72808.1
699 183137
709 287199
719 104176
729 24955
739 171150
749 56754.8
759 58218.5
769 72767.1
779 68147.6
789 78522.4
799 248435
809 110633
819 76608.4
829 174006
839 45962.2
849 176386
859 45294.5
869 70919.3
879 101711
889 176351
899 162204
909 6750.45
919 70111.7
929 59871.7
939 95729.6
949 184290
959 52932.2
969 91842.2
979 234079
989 41876.8
999 35820.8
1009 128125
1019 50292.8
1029 66777.2
1039 192189
1049 70388.6
1059 10509.8
1069 244221
1079 16124.1
1089 44966.1
1099 198590
1109 93421.6
1119 58377.9
1129 142660
1139 87511.6
1149 154254
1159 56117.3
1169 107097
1179 121707
1189 68479.4
1199 91183.3
1209 23306.9
1219 128776
1229 43481.4
1239 70620.4
1249 60853.6
1259 130832
1269 107755
1279 43054.7
1289 51250
1299 0
1309 52085
1319 125138
1329 55652.1
1339 6774.3
1349 132657
1359 84940.7
1369 84075
1379 17483.1
1389 114997
1399 44617.9
1409 65284.5
1419 86487.1
1429 32336.7
1439 126007
1449 125094
1459 8209.5
1469 139802
1479 61822.5
1489 131076
1499 95981.8
1509 54408.5
1519 43030.7
1529 36049.3
1539 76009.6
1549 182921
1559 184064
1569 54387.2
1579 105308
1589 46148.6
1599 49682.8
1609 46263.2
1619 152186
1629 235619
1639 10391.5
1649 118377
1659 26565.3
1669 15797.4
1679 92065.3
1689 103117
1699 116985
1709 186774
1719 68870
1729 80844.8
1739 49229.7
1749 80338.4
1759 51635.6
1769 101472
1779 85168.6
1789 28868.1
1799 131439
1809 161496
1819 111554
1829 96966.8
1839 77172.9
1849 190453
1859 59335
1869 63474
1879 99412.6
1889 157265
1899 47527.8
1909 136642
1919 13084.8
1929 71085.3
1939 115676
1949 129444
1959 79493.1
1969 149197
1979 15118.4
1989 108360
1999 108572
2009 245131
2019 157.95
2029 122663
2039 85965.5
2049 163249
2059 48673
2069 11661.9
2079 86757.8
2089 104724
2099 64849.6
2109 44345.7
2119 159481
2129 166038
2139 62623.6
2149 43866.6
2159 86568.9
2169 76685.7
2179 135534
2189 137166
2199 189721
2209 53567
2219 148609
2229 30576.6
2239 54138.9
2249 161642
2259 67209.5
2269 199396
2279 51832.9
2289 178083
2299 76898.2
2309 27573
2319 48250.6
2329 113379
2339 64788.3
2349 114496
2359 39907.1
2369 128703
2379 148915
2389 77845.4
2399 26021.1
2409 113788
2419 125813
2429 103388
2439 53748.8
2449 57759.7
2459 126070
2469 77495.3
2479 190071
2489 226113
2499 171324
