9 28212.9
19 57210.5
29 35150.9
39 20158.6
49 21037.3
59 27087.5
69 20973.7
79 19684.9
89 30659.6
99 14014.6
109 8329.05
119 28656.2
129 21686.8
139 32605.4
149 13592.7
159 11515
169 18582.7
179 11731.4
189 21407.1
199 14632.7
209 24218.3
219 20433.5
229 18269
239 25460.8
249 22806
259 15910.9
269 13169
279 33126.4
289 13454.7
299 14533.3
309 22026.7
319 11172.6
329 28645.1
339 19905.9
349 15895.4
359 20424.4
369 30312.9
379 20194.7
389 34890.3
399 20288.2
409 11539.5
419 12337
429 19638
439 39217
449 15867.7
459 27220.8
469 23879.6
479 13620.1
489 20077
499 15438.9
509 14084.4
519 14325.2
529 24745.3
539 22277.7
549 11834.3
559 12272.2
569 10245.1
579 16647.2
589 26551
599 26590.7
609 23925.8
619 5437.95
629 22623.3
639 21087.8
649 20231.8
659 23050.4
669 29567.6
679 8292.6
689 14508.2
699 16831.9
709 20226.2
719 10166.3
729 23310
739 14570.4
749 30266.7
759 25507.6
769 23289.1
779 22997.6
789 20164.3
799 24294.1
809 22846
819 15092.8
829 17947.5
839 10854.3
849 33457.3
859 19555.2
869 42800.6
879 13681.2
889 12332.2
899 27102.7
909 23249.2
919 15685.2
929 23394.9
939 24157.4
949 20868.2
959 24161.2
969 26517
979 25984.5
989 32276.5
999 16928
1009 26777.4
1019 16086.3
1029 23076.5
1039 8240.3
1049 12023.1
1059 17445.5
1069 10266
1079 22678.9
1089 24530.6
1099 31945.2
1109 19920.8
1119 18541.6
1129 17914.1
1139 30549
1149 19673.2
1159 24981
1169 17731.9
1179 30506.6
1189 25681.5
1199 19601.9
1209 18328.6
1219 19169.8
1229 24738.4
1239 17595.7
1249 9345.85
1259 16045.8
1269 12842.6
1279 25233
1289 21655.1
1299 23139.3
1309 26123.9
1319 23610.1
1329 22328.8
1339 11865.8
1349 17999.1
1359 11468.8
1369 6381.9
1379 14468.9
1389 18796.5
1399 20275.4
1409 25654.2
1419 22035.4
1429 10674.4
1439 19566.3
1449 26919.3
1459 18377
1469 23925.8
1479 13892.6
1489 23956.4
1499 13080.5
1509 15673.2
1519 37071
1529 13798.8
1539 12644.4
1549 14517.7
1559 19001
1569 20749.2
1579 35415.6
1589 19306.9
1599 23822.4
1609 22855.4
1619 18983.6
1629 18559.1
1639 16179.7
1649 28374.5
1659 26635.2
1669 36956.3
1679 21081.7
1689 15824.5
1699 13763.9
1709 15089.8
1719 11450.3
1729 14824.9
1739 12885.8
1749 33884.3
1759 24364
1769 27403.9
1779 18906.9
1789 16793
1799 14737.6
1809 15547.1
1819 24634.5
1829 29708.5
1839 13272.2
1849 23495.9
1859 21813
1869 9173.3
1879 19724.7
1889 19868.5
1899 30385.4
1909 20867.4
1919 16347.9
1929 14216.9
1939 15752.7
1949 13856.8
1959 11466.2
1969 7980.25
1979 17208
1989 17668.3
1999 13996.1
2009 20166.2
2019 22622.1
2029 19839.5
2039 22798.9
2049 14047.3
2059 16800.4
2069 12976.5
2079 28748.8
2089 19733.5
2099 25279.6
2109 24024.9
2119 13652.1
2129 26496.1
2139 35031
2149 20898.7
2159 17585
2169 19040.2
2179 24766
2189 10667.7
2199 9954.25
2209 20285.6
2219 24431.4
2229 22201.4
2239 18480.6
2249 15828.7
2259 43382.2
2269 25928.4
2279 18194.2
2289 22971.5
2299 11300.1
2309 24206.3
2319 16210.6
2329 12132.9
2339 25984
2349 15045.7
2359 13701.8
2369 33108.5
2379 19399.8
2389 13391.4
2399 23035.6
2409 16917.9
2419 18272.6
2429 12154.3
2439 21336.2
2449 20482
2459 20732.6
2469 28448.5
2479 21493.1
2489 21359.9
2499 9691.45
