9 1.06605e+06
19 160591
29 68708.4
39 82758.4
49 218474
59 243603
69 171273
79 81303.6
89 44156.8
99 121831
109 12934.8
119 479327
129 66905.8
139 350815
149 102494
159 109914
169 114844
179 179608
189 127156
199 75399.4
209 32798.5
219 107625
229 29509.2
239 114828
249 56556.7
259 192126
269 140206
279 106440
289 135679
299 47878.6
309 87589.8
319 35259.9
329 34803.1
339 103528
349 95733.5
359 235252
369 4103.3
379 70607.4
389 77024.3
399 80452.4
409 17319.1
419 303324
429 148163
439 165155
449 72539.9
459 73292.1
469 154207
479 69029
489 57010.2
499 60931.1
509 93906
519 101449
529 86601.8
539 48083
549 80903.4
559 25260.3
569 53902.7
579 55105.5
589 50741.3
599 108459
609 93255.4
619 64695.5
629 128324
639 158911
649 16052.3
659 23970
669 78056
679 137832
689 49250.2
699 372199
709 114312
719 51891.3
729 142623
739 95639.5
749 67617.4
759 44036.2
769 44509.1
779 253770
789 111836
799 129530
809 143772
819 121247
829 52191
839 185113
849 42601.4
859 153653
869 29517.9
879 215492
889 70042.4
899 86383.7
909 96311.2
919 82449
929 81891.6
939 125589
949 169206
959 74227.8
969 126965
979 75552.4
989 89802.8
999 81401
1009 68410.8
1019 27836.2
1029 14933.4
1039 111039
1049 101542
1059 196688
1069 130289
1079 98134.4
1089 213743
1099 89453.3
1109 25688.1
1119 106557
1129 66668.4
1139 102282
1149 95191.2
1159 76957.2
1169 47803.9
1179 102228
1189 80538.2
1199 160468
1209 109300
1219 24610.4
1229 40660.4
1239 68678.9
1249 137254
1259 67483.2
1269 43348.3
1279 56473.3
1289 59712
1299 76008.5
1309 241414
1319 77331.2
1329 92327.6
1339 51235.9
1349 147788
1359 48205.1
1369 90339.3
1379 161585
1389 135383
1399 42902.2
1409 116696
1419 161295
1429 130265
1439 13484.6
1449 113308
1459 103679
1469 236701
1479 66902.4
1489 99484.2
1499 21091.2
1509 70761.8
1519 73224.3
1529 98836.3
1539 21025.7
1549 153544
1559 149692
1569 102677
1579 155520
1589 139750
1599 72044.2
1609 73702.2
1619 36652.7
1629 65533.4
1639 92993.3
1649 145188
1659 185677
1669 6377.45
1679 111868
1689 26237.5
1699 61780.8
1709 89516.5
1719 24716.2
1729 74514.1
1739 14527.6
1749 71649.4
1759 135830
1769 137082
1779 110909
1789 69281
1799 39607.5
1809 40756.6
1819 5451.6
1829 50925.4
1839 113472
1849 100079
1859 131667
1869 72685.1
1879 35551.2
1889 114496
1899 87192
1909 56437.2
1919 39893.2
1929 74974.1
1939 62218.9
1949 65034.9
1959 90172.2
1969 171357
1979 125842
1989 127487
1999 91895.3
2009 0
2019 107407
2029 40139.1
2039 133148
2049 26915.3
2059 94263.2
2069 33822.2
2079 155981
2089 45454.6
2099 124681
2109 70626.9
2119 28260
2129 39707.6
2139 64877.5
2149 118947
2159 23905.7
2169 127124
2179 50388.6
2189 75311.1
2199 108136
2209 100814
2219 45635.6
2229 100900
2239 106400
2249 58513.1
2259 117443
2269 74634.2
2279 86846.9
2289 10295.4
2299 65959.2
2309 59744.8
2319 89239.2
2329 6179.35
2339 108966
2349 92665.6
2359 134807
2369 156901
2379 59638
2389 211625
2399 107801
2409 38790.9
2419 25692.5
2429 129049
2439 103680
2449 174363
2459 96711.6
2469 65535.6
2479 99081.4
2489 113305
2499 85803.9
