9 1.00607e+06
19 100506
29 323372
39 185800
49 69126.2
59 28387.8
69 174663
79 42991
89 220863
99 218269
109 201318
119 170630
129 137285
139 12802.1
149 75818
159 77280.9
169 81457
179 118926
189 115257
199 193605
209 68248.6
219 72791.6
229 29356.9
239 166555
249 81061.7
259 144245
269 262027
279 130375
289 25576.1
299 63165.4
309 9590.1
319 225491
329 92616.4
339 45205.9
349 110953
359 80451.5
369 134045
379 45924.3
389 175272
399 77286.1
409 44500
419 72508.1
429 33136.3
439 109370
449 127817
459 10488.6
469 23341.9
479 63100.2
489 61393.6
499 57651.9
509 40344.8
519 201913
529 151700
539 50362.8
549 73641
559 261640
569 216340
579 200190
589 233809
599 26249
609 85501.2
619 72287.4
629 83327.3
639 102042
649 115885
659 110881
669 83785.5
679 78808.2
689 46452.3
699 152560
709 101239
719 39119.2
729 163442
739 19994.9
749 60413.2
759 41297.6
769 136098
779 125489
789 130631
799 72086.9
809 119903
819 112102
829 152014
839 182518
849 205151
859 136648
869 55878.2
879 141852
889 66460.3
899 103678
909 65877.7
919 10775.2
929 98588.8
939 111801
949 148229
959 197556
969 168979
979 80882.7
989 104585
999 37140
1009 101578
1019 103621
1029 85367
1039 114528
1049 235238
1059 57911.8
1069 104990
1079 44680.5
1089 121216
1099 116897
1109 55977.8
1119 174448
1129 132931
1139 92462.6
1149 104890
1159 55841.6
1169 75489.4
1179 92532.2
1189 102359
1199 116998
1209 74724.4
1219 52512.5
1229 120407
1239 40609.7
1249 39846.1
1259 139425
1269 92424.3
1279 19221.5
1289 87755.7
1299 87992.8
1309 158520
1319 29980.1
1329 174782
1339 55465.3
1349 31874.8
1359 20851.8
1369 46679.5
1379 59537.6
1389 157656
1399 85154.7
1409 148946
1419 61301.4
1429 5596.15
1439 92884.7
1449 222410
1459 382.2
1469 26578.6
1479 97580.5
1489 17253.5
1499 91469.8
1509 50839.1
1519 67829
1529 103570
1539 113488
1549 109363
1559 90793.8
1569 81691.7
1579 212283
1589 18587.1
1599 46472.4
1609 142274
1619 12454.8
1629 16563.2
1639 61187.3
1649 126851
1659 94624.7
1669 60210.8
1679 77784.8
1689 85566.6
1699 81235
1709 48207.7
1719 54801.7
1729 93761.4
1739 248306
1749 164530
1759 65696.7
1769 65186.6
1779 19415.7
1789 84388.2
1799 32640.7
1809 116267
1819 86448.6
1829 62188.1
1839 33861.6
1849 41021.2
1859 127675
1869 188580
1879 44193.7
1889 166267
1899 233437
1909 0
1919 65355.5
1929 127828
1939 63328.4
1949 24699.4
1959 14422.2
1969 86795.3
1979 96643.6
1989 36551.4
1999 41114.2
2009 152746
2019 104617
2029 40717.5
2039 42639.7
2049 62669.4
2059 59234.4
2069 16000.4
2079 68192.9
2089 60194.2
2099 133038
2109 65820.3
2119 42261.7
2129 98892.4
2139 37753.7
2149 155780
2159 111950
2169 46941
2179 227832
2189 47235.4
2199 100938
2209 119690
2219 129203
2229 114684
2239 132898
2249 89574
2259 59646.7
2269 101561
2279 137287
2289 22352
2299 30285.5
2309 25833.5
2319 86693
2329 187019
2339 34364.2
2349 63611.2
2359 26630.5
2369 47398
2379 73330.1
2389 67614.8
2399 39523.1
2409 72377.1
2419 105560
2429 56355.1
2439 135166
2449 0
2459 69952.3
2469 85732.1
2479 22470.8
2489 99991.4
2499 108816
