9 348463
19 155196
29 512122
39 520326
49 593443
59 42718
69 52574.4
79 100011
89 91533.7
99 356234
109 93717.4
119 93599.6
129 111267
139 67330.6
149 144619
159 24849
169 185953
179 221326
189 76330.7
199 56767.7
209 87032.5
219 172428
229 84152.4
239 107352
249 81578.6
259 46808.1
269 83030.9
279 25525.9
289 84027.9
299 65910.8
309 235491
319 7986.45
329 112474
339 139419
349 227140
359 31617.3
369 72189.8
379 36778
389 101756
399 174684
409 179278
419 119165
429 116729
439 124124
449 92018.9
459 68364.7
469 346639
479 252303
489 162172
499 42323.5
509 196070
519 43244.8
529 52089.4
539 101435
549 125626
559 51017.1
569 102337
579 104408
589 106569
599 179802
609 97430.8
619 60968.5
629 255594
639 56635.9
649 3061.2
659 139022
669 64567.8
679 77556.2
689 124006
699 84267.5
709 21980.5
719 18783.3
729 147306
739 43134.4
749 18070
759 45199.4
769 27055.2
779 110923
789 212066
799 19313.1
809 84188.2
819 128561
829 73301.3
839 50185.4
849 58686
859 80788.9
869 122460
879 121194
889 64423.9
899 74441.9
909 110896
919 64884.9
929 95914.7
939 68828.2
949 104106
959 53590.1
969 39788.2
979 57816.4
989 216335
999 18485.5
1009 147543
1019 50903.9
1029 73083.9
1039 84245.1
1049 77118.1
1059 47860.3
1069 83570.6
1079 9641.85
1089 130034
1099 171435
1109 76601.7
1119 77181.1
1129 73670.7
1139 124942
1149 55409.1
1159 147290
1169 182722
1179 131820
1189 88640.9
1199 99704.7
1209 8767.85
1219 40654.1
1229 113745
1239 85071.9
1249 39955.9
1259 252108
1269 153465
1279 11455.5
1289 79525.6
1299 32089.9
1309 145746
1319 175004
1329 122258
1339 47222.1
1349 42043.9
1359 54749.3
1369 0
1379 29329.7
1389 17837.1
1399 143354
1409 25478.5
1419 55227.4
1429 177462
1439 192073
1449 94140.4
1459 103368
1469 11625.5
1479 73680.2
1489 108089
1499 26238.2
1509 376210
1519 27566.1
1529 69230.9
1539 67408.3
1549 75779.2
1559 56871.5
1569 60701.1
1579 139971
1589 45184.7
1599 167527
1609 155734
1619 207079
1629 82994.2
1639 128199
1649 91685.6
1659 53207.6
1669 32734.6
1679 136934
1689 111368
1699 92263.7
1709 105620
1719 8203.05
1729 64652.1
1739 55394.3
1749 185710
1759 111824
1769 50768.5
1779 110730
1789 187568
1799 101874
1809 170717
1819 190834
1829 181657
1839 178217
1849 46379.5
1859 124744
1869 72469.9
1879 79294.1
1889 62244.3
1899 109678
1909 244383
1919 40259.7
1929 131205
1939 74320.3
1949 52032.4
1959 137325
1969 56018.2
1979 1175.9
1989 39492.1
1999 105269
2009 90685.5
2019 51162.3
2029 82491.7
2039 45142.3
2049 139371
2059 235381
2069 61413.3
2079 78866.4
2089 7513.9
2099 35266.4
2109 84253.7
2119 149946
2129 57648.3
2139 123368
2149 90424.9
2159 16612.3
2169 63043.9
2179 69345.6
2189 24223.6
2199 126903
2209 66776.5
2219 104997
2229 163409
2239 146217
2249 98499.1
2259 121140
2269 151646
2279 194532
2289 62471.2
2299 175551
2309 112474
2319 31890.5
2329 104053
2339 187801
2349 137009
2359 47102.4
2369 141256
2379 94024.8
2389 79325.9
2399 153745
2409 73487.3
2419 169077
2429 129990
2439 3574.05
2449 107893
2459 100628
2469 78363.4
2479 6335.55
2489 38966.4
2499 164139
