9 10
19 20
29 30
39 40
49 50
59 60
69 70
79 80
89 90
99 100
109 110
119 120
129 130
139 140
149 150
159 160
169 170
179 180
189 190
199 200
209 210
219 220
229 230
239 240
249 250
259 260
269 270
279 280
289 290
299 300
309 310
319 320
329 330
339 340
349 350
359 360
369 370
379 380
389 390
399 400
409 410
419 420
429 430
439 440
449 450
459 460
469 470
479 480
489 490
499 500
509 510
519 520
529 530
539 540
549 550
559 560
569 570
579 580
589 590
599 600
609 610
619 620
629 630
639 640
649 650
659 660
669 670
679 680
689 690
699 700
709 710
719 720
729 730
739 740
749 750
759 760
769 770
779 780
789 790
799 800
809 810
819 820
829 830
839 840
849 850
859 860
869 870
879 880
889 890
899 900
909 910
919 920
929 930
939 940
949 950
959 960
969 970
979 980
989 990
999 1000
1009 1010
1019 1020
1029 1030
1039 1040
1049 1050
1059 1060
1069 1070
1079 1080
1089 1090
1099 1100
1109 1110
1119 1120
1129 1130
1139 1140
1149 1150
1159 1160
1169 1170
1179 1180
1189 1190
1199 1200
1209 1210
1219 1220
1229 1230
1239 1240
1249 1250
1259 1260
1269 1270
1279 1280
1289 1290
1299 1300
1309 1310
1319 1320
1329 1330
1339 1340
1349 1350
1359 1360
1369 1370
1379 1380
1389 1390
1399 1400
1409 1410
1419 1420
1429 1430
1439 1440
1449 1450
1459 1460
1469 1470
1479 1480
1489 1490
1499 1500
1509 1510
1519 1520
1529 1530
1539 1540
1549 1550
1559 1560
1569 1570
1579 1580
1589 1590
1599 1600
1609 1610
1619 1620
1629 1630
1639 1640
1649 1650
1659 1660
1669 1670
1679 1680
1689 1690
1699 1700
1709 1710
1719 1720
1729 1730
1739 1740
1749 1750
1759 1760
1769 1770
1779 1780
1789 1790
1799 1800
1809 1810
1819 1820
1829 1830
1839 1840
1849 1850
1859 1860
1869 1870
1879 1880
1889 1890
1899 1900
1909 1910
1919 1920
1929 1930
1939 1940
1949 1950
1959 1960
1969 1970
1979 1980
1989 1990
1999 2000
2009 2010
2019 2020
2029 2030
2039 2040
2049 2050
2059 2060
2069 2070
2079 2080
2089 2090
2099 2100
2109 2110
2119 2120
2129 2130
2139 2140
2149 2150
2159 2160
2169 2170
2179 2180
2189 2190
2199 2200
2209 2210
2219 2220
2229 2230
2239 2240
2249 2250
2259 2260
2269 2270
2279 2280
2289 2290
2299 2300
2309 2310
2319 2320
2329 2330
2339 2340
2349 2350
2359 2360
2369 2370
2379 2380
2389 2390
2399 2400
2409 2410
2419 2420
2429 2430
2439 2440
2449 2450
2459 2460
2469 2470
2479 2480
2489 2490
2499 2500
