9 82027.7
19 20789
29 25017.9
39 26228.4
49 30209.5
59 10759.3
69 22475.6
79 15955.7
89 21812.1
99 31830
109 25570
119 40537
129 22706.1
139 15439.7
149 15731.2
159 24010.5
169 25484.4
179 6674.2
189 38735.9
199 33195
209 9607.85
219 34160.8
229 10796.1
239 19955
249 14850.8
259 9167.15
269 16230.2
279 32665.6
289 17225
299 15873.5
309 3764.85
319 28197.7
329 19917.4
339 10952.4
349 23718.6
359 15198.5
369 19441.1
379 20125.6
389 9937.85
399 27753.7
409 16958.5
419 26189.8
429 25911
439 15506
449 17696.7
459 11721.4
469 20003.7
479 16844.3
489 33959.3
499 19480.2
509 22741.5
519 14672.5
529 28931.6
539 18701.6
549 24091
559 15316.2
569 9135.85
579 23015.6
589 13677.1
599 18539.7
609 30978.4
619 21311.9
629 21630.6
639 28491.4
649 15276.3
659 17371.1
669 21549.4
679 8954.7
689 14567.7
699 9806.55
709 41398.3
719 23607.9
729 19819.4
739 22142.1
749 31998.5
759 31529.3
769 21676.7
779 23262.2
789 18483.4
799 19656.6
809 21373.9
819 14012.6
829 10666.4
839 19437.1
849 14716.2
859 22700
869 17068.7
879 18111.9
889 20575.4
899 16194.6
909 18920.2
919 18309.4
929 19277.7
939 29182.6
949 18518.9
959 9832.25
969 19892.2
979 29366.8
989 27739
999 21337.3
1009 40252.4
1019 31947.8
1029 35503.7
1039 16236
1049 15087.3
1059 18211.7
1069 15512.6
1079 26983.2
1089 32595.6
1099 13227.7
1109 28462
1119 26429.6
1129 26732.8
1139 22556
1149 16581.7
1159 39666.2
1169 42899.3
1179 15305.3
1189 16811.8
1199 9530.9
1209 21842.2
1219 37005.4
1229 9321
1239 18497
1249 22278.3
1259 11026.3
1269 25791.1
1279 26973.1
1289 19590.4
1299 17961.9
1309 19387.7
1319 15063.8
1329 27207.2
1339 21008.7
1349 14902.3
1359 11956.6
1369 18102.6
1379 24502.6
1389 25755.7
1399 13589.3
1409 23605.4
1419 18346.1
1429 10872.8
1439 17043.3
1449 12241.8
1459 13700.6
1469 22759
1479 23601.3
1489 15327.2
1499 12339.8
1509 22176.8
1519 26626.7
1529 35031.9
1539 22036.3
1549 11339.2
1559 9132.9
1569 16742.5
1579 13384.8
1589 34491.3
1599 8525.7
1609 12891.1
1619 29510.8
1629 19295.9
1639 35904.9
1649 9988.85
1659 29879.1
1669 22588.2
1679 17862.1
1689 9360.25
1699 41496.1
1709 27625.2
1719 7238.25
1729 20254.1
1739 25454.5
1749 12863
1759 19786.8
1769 23533
1779 23098.1
1789 16767.8
1799 17384.8
1809 12540
1819 27698.7
1829 19494.2
1839 29777.7
1849 28995.3
1859 19598.6
1869 16234
1879 19842.7
1889 19222.1
1899 30370.7
1909 24649.8
1919 41842.8
1929 23879.3
1939 22105.2
1949 28226.8
1959 26369.6
1969 14027
1979 20743
1989 18893
1999 16879.5
2009 31154.2
2019 21895.7
2029 21482.3
2039 28602.3
2049 19468
2059 27193.6
2069 25741.3
2079 12504
2089 18647.7
2099 16849.3
2109 18671.2
2119 19628.6
2129 26340
2139 26136.5
2149 19178.6
2159 13561.3
2169 29033.9
2179 14390.4
2189 24284.3
2199 17539.1
2209 22020.4
2219 19551.4
2229 22871.4
2239 18622.6
2249 13339.4
2259 20698.5
2269 13485.2
2279 18173.3
2289 24821.2
2299 10694.5
2309 37993.9
2319 19508.1
2329 32388.6
2339 21982.6
2349 19083.8
2359 42836.1
2369 18637.2
2379 14763.1
2389 23920.5
2399 10255.2
2409 22675.4
2419 22782.7
2429 7272.2
2439 33209.6
2449 19231.2
2459 23092.8
2469 26905
2479 32858.3
2489 22731.4
2499 34129.8
