9 61661.3
19 32366
29 34610
39 22933.8
49 7173.85
59 40325.5
69 27986.5
79 25473.8
89 19754.8
99 44136.4
109 26970.2
119 20979.1
129 16397.9
139 22764.3
149 19575.8
159 39300.8
169 18624
179 14575.3
189 14868.1
199 13168
209 20293.8
219 28288.5
229 20187.6
239 32356.9
249 33032.6
259 22499.4
269 28903.6
279 25495.3
289 24498.8
299 21987.6
309 8362.4
319 22489.1
329 10694.5
339 13532.3
349 24320.4
359 8338.5
369 17202
379 16858.4
389 12693.5
399 18130.4
409 23170.5
419 6963.1
429 22298.6
439 21925.5
449 15428.9
459 23431.4
469 20383
479 28582.7
489 27626.1
499 17189.7
509 33402.1
519 18593.5
529 23744.5
539 19148.7
549 18427.3
559 13323.4
569 9638.95
579 17396.6
589 26147.5
599 15579.5
609 13778.1
619 33486
629 22085.1
639 9045.5
649 21713.3
659 30496.8
669 22473.5
679 21818.5
689 13484.2
699 11916.2
709 26422.8
719 15530.8
729 17727.3
739 30901.3
749 20442.8
759 20090.9
769 22593.5
779 22970.5
789 19647.1
799 21866.9
809 23334.6
819 26939.4
829 21297.7
839 22165.7
849 22101.8
859 27042.5
869 11420.3
879 11702.2
889 16144.7
899 21267.4
909 22451.3
919 12959.1
929 14598.2
939 20702.6
949 20748.4
959 7680.1
969 17675
979 18665.6
989 10215.1
999 14932.7
1009 15390
1019 28411.7
1029 17543.7
1039 14257.8
1049 11240
1059 8768.05
1069 19796.4
1079 28355.2
1089 29420.6
1099 9678.05
1109 27642.1
1119 22398.2
1129 26789.4
1139 22976.4
1149 30119.1
1159 26300.2
1169 17339
1179 29243.8
1189 17365.9
1199 25716
1209 10764
1219 39168.5
1229 17283.3
1239 19209.2
1249 26696.6
1259 17966
1269 17254.3
1279 22485.7
1289 8288.8
1299 19066.1
1309 13058
1319 19186
1329 15716.1
1339 17189
1349 21087.1
1359 28314.2
1369 12334.1
1379 15771.5
1389 18159.4
1399 16629.9
1409 21845.2
1419 15032.3
1429 21174.6
1439 9399.45
1449 15903.5
1459 25238.7
1469 21362
1479 26100.4
1489 18532.4
1499 21267.4
1509 14900.8
1519 21707.1
1529 13828.5
1539 22453.7
1549 19665.3
1559 13124.9
1569 23295.5
1579 9010.6
1589 24098.1
1599 26123.7
1609 24856.9
1619 19522.4
1629 16857
1639 20282.8
1649 11995.8
1659 15191.4
1669 7664.3
1679 12510.8
1689 20051.5
1699 24617.3
1709 11433
1719 11365.2
1729 11502.5
1739 8913.1
1749 14611.2
1759 12134.2
1769 32972.2
1779 27429.9
1789 20442.5
1799 21732.1
1809 24175.6
1819 25560.7
1829 13285.2
1839 17978.8
1849 11293.1
1859 17883.3
1869 22407.5
1879 21340.1
1889 22961.9
1899 22922.7
1909 7520.75
1919 20754
1929 14373.5
1939 17797.3
1949 15250.9
1959 22801.6
1969 18996.2
1979 20885.7
1989 35013.3
1999 12588.1
2009 24377.8
2019 21334.8
2029 34350.1
2039 29858.9
2049 26045.6
2059 23094.8
2069 14011.9
2079 22312.9
2089 6556.6
2099 18594.3
2109 25575.8
2119 15680.8
2129 10147
2139 16208.2
2149 27312.8
2159 25255.4
2169 29111.9
2179 25930.7
2189 24229.6
2199 26357.5
2209 12434.3
2219 11105.1
2229 12197.7
2239 21545.8
2249 17355.5
2259 27639.6
2269 15443.1
2279 9412
2289 16451.5
2299 16436.2
2309 13581.1
2319 24884.2
2329 18938.5
2339 24794.4
2349 28120.3
2359 12345.5
2369 26550.2
2379 15113.8
2389 14669.3
2399 13616.2
2409 13970.7
2419 23979.5
2429 27757.7
2439 23337
2449 24210.9
2459 27607.6
2469 20013.3
2479 13564.8
2489 25148.7
2499 16767.1
