9 74087.6
19 15472.3
29 21426.3
39 9497.6
49 21051.1
59 23765.9
69 18359.6
79 37681.6
89 19100.5
99 17119.6
109 11696.6
119 22052
129 23238.6
139 24985.7
149 17319.5
159 18424.8
169 24877.5
179 19583.5
189 31747
199 40798.2
209 21717.6
219 33473.7
229 22963.5
239 13770.2
249 25464.1
259 25986.4
269 6795.5
279 14521.9
289 24743.6
299 12060.4
309 23160.9
319 16103.5
329 17530.5
339 14679.4
349 27988.9
359 38987.2
369 17978.1
379 10009.1
389 31813.9
399 18978.9
409 20844.5
419 22322.1
429 19153.4
439 23078.2
449 21414.4
459 16309
469 25380.5
479 14146.8
489 22071.3
499 14121.9
509 24154.9
519 26011.8
529 24524.2
539 35865.1
549 11399.3
559 13274.3
569 22110.8
579 19303.4
589 27340.3
599 16033.3
609 20962.9
619 18666.2
629 20704.8
639 14905.5
649 10915.2
659 16982.7
669 21161.6
679 14691.3
689 21871
699 26334.7
709 19536.3
719 23469.5
729 24884.8
739 21057.7
749 21081
759 22757
769 16474.8
779 15194.1
789 25620.4
799 25629.5
809 15896.7
819 13425.8
829 6846.35
839 14379
849 17877.8
859 15770.3
869 13687.6
879 16329.3
889 14916.7
899 31530
909 27380.9
919 22958.6
929 20827.6
939 32622.1
949 38124.7
959 19960.9
969 20717.2
979 30689.1
989 14757.8
999 11733
1009 18226.6
1019 36530.9
1029 18124.6
1039 16703.4
1049 25586.5
1059 11835.4
1069 18097.4
1079 23241.3
1089 17210.6
1099 15034.3
1109 15618.2
1119 21859.4
1129 10367.4
1139 17112.7
1149 21105.6
1159 16926.9
1169 16744.2
1179 11306.7
1189 26966.4
1199 15500.9
1209 22374.8
1219 7904.2
1229 20224.9
1239 24563.7
1249 19792.3
1259 27151.3
1269 22132.6
1279 22970.1
1289 21709
1299 28920.5
1309 19152
1319 12473.2
1329 13383.6
1339 35546.2
1349 16689.1
1359 15144
1369 14421.9
1379 18468.9
1389 19301.3
1399 34285.3
1409 32954.3
1419 24422.3
1429 19439.1
1439 14635.6
1449 30789.5
1459 23891.3
1469 21108.4
1479 15819.2
1489 25316.4
1499 18345.6
1509 30846.1
1519 13110.7
1529 27824.9
1539 24890.4
1549 17208.7
1559 22331.7
1569 31746.3
1579 21286.1
1589 15159.5
1599 18781.1
1609 32488.5
1619 32088.6
1629 19630.7
1639 17514.8
1649 20532.4
1659 25868.6
1669 28286.1
1679 21265.7
1689 31118.6
1699 16008.3
1709 29506.7
1719 11636.1
1729 25966.2
1739 35875.5
1749 29368.9
1759 24364
1769 9847.8
1779 18235
1789 21335.9
1799 23621.9
1809 22248.2
1819 21640.1
1829 19656.7
1839 14269.8
1849 23337.1
1859 16608.3
1869 18804.1
1879 16777.9
1889 19351.8
1899 13094.1
1909 26999.3
1919 21966.3
1929 22644.8
1939 13573.9
1949 11099.5
1959 18305.6
1969 16253.2
1979 28069.3
1989 17042.3
1999 6913.35
2009 35681.7
2019 26816.8
2029 36930
2039 16376.3
2049 16192.7
2059 40420
2069 22212.4
2079 29534.2
2089 31959.8
2099 13118.2
2109 23968.9
2119 19455.1
2129 24990.8
2139 16390.7
2149 18249.8
2159 24570.4
2169 20461
2179 15219.7
2189 22045.4
2199 9223.6
2209 21769.4
2219 5530.35
2229 28150.3
2239 25462.9
2249 24232.4
2259 24837.1
2269 17486.9
2279 17731.2
2289 22720.7
2299 29043.5
2309 21113.8
2319 27573.7
2329 26969.7
2339 20217.4
2349 39818.2
2359 13729.7
2369 20231.4
2379 15415.3
2389 37379.5
2399 15481.4
2409 18623.2
2419 26274.6
2429 11644.3
2439 6506.7
2449 18649.4
2459 21993.2
2469 24144.5
2479 15596.1
2489 19014
2499 13147
