9 57391.5
19 33006.3
29 30582
39 28844.3
49 26652
59 15979.6
69 19518.7
79 24277.5
89 18994.6
99 35001.9
109 38647.5
119 10887.2
129 14035
139 20370.4
149 18031.6
159 30055
169 19876.6
179 12242.5
189 26533.2
199 31052.7
209 16448.9
219 41000.8
229 12352.1
239 29616.9
249 10311.5
259 18571.5
269 9188.05
279 16125
289 6537.7
299 33686
309 19890.4
319 9465.85
329 24942.4
339 33133.1
349 12355.1
359 20976
369 17610
379 11075.7
389 18891.5
399 38272.8
409 24906.2
419 24247.3
429 17976.7
439 31674
449 29963.5
459 34469.5
469 21689.6
479 14637.7
489 18413.8
499 17918
509 31429.2
519 33844.5
529 15715.8
539 20298.1
549 15140
559 12015
569 24769.1
579 15019
589 15983.9
599 19246
609 15957.9
619 32394.3
629 30169
639 24552.7
649 18133.1
659 20902.3
669 24692.1
679 27400.9
689 21338.4
699 10036.4
709 23449.8
719 9848.7
729 43287.5
739 29298.5
749 17097.5
759 23819.1
769 33291.8
779 19796.7
789 18098.4
799 16983.1
809 31421.1
819 34426.6
829 23396.2
839 29878.1
849 33432
859 18205.3
869 21975.4
879 22535.5
889 20065
899 17782.8
909 15738.6
919 13781.3
929 19953.3
939 44153.6
949 15647.8
959 17499.7
969 26391.8
979 13614.2
989 21231.9
999 28428.3
1009 21208
1019 27156.2
1029 17974.4
1039 19160.6
1049 21865.4
1059 28818.7
1069 23196.2
1079 24762.5
1089 17296.4
1099 14911.5
1109 24018
1119 20067.8
1129 28840
1139 27010.2
1149 8785
1159 29391.4
1169 22946
1179 15309.1
1189 26564.8
1199 16974.1
1209 16939.8
1219 6709.9
1229 15956.3
1239 22054.3
1249 18650.2
1259 23178.5
1269 21409.4
1279 12652.6
1289 12538.9
1299 16835.2
1309 9003
1319 20895.1
1329 25120.4
1339 12805.1
1349 32979.1
1359 11118
1369 24884.2
1379 20207.4
1389 19205.9
1399 19383.7
1409 17848.6
1419 17566
1429 20509.4
1439 24023.7
1449 36880.6
1459 16947.2
1469 25175.2
1479 44091.3
1489 21306.3
1499 21253.4
1509 14403.9
1519 11807.7
1529 12831.9
1539 30335.3
1549 17955.1
1559 40508.6
1569 13915
1579 25349.6
1589 13733.8
1599 12194.7
1609 18360.9
1619 15032.9
1629 20445.1
1639 33948.8
1649 35840.5
1659 17666.4
1669 36326.6
1679 29754.6
1689 34620.6
1699 33164
1709 15853.5
1719 12330.8
1729 16895.1
1739 16806.5
1749 16199.9
1759 15696.9
1769 21396.2
1779 17763
1789 23130.1
1799 28638.1
1809 24103.8
1819 13126.6
1829 11271.5
1839 16484.3
1849 13241.2
1859 23212.7
1869 13506.4
1879 18063.2
1889 9263.45
1899 59800.3
1909 10413.4
1919 20285.2
1929 32372.8
1939 29367.8
1949 29029.1
1959 12231.6
1969 30399.4
1979 15555
1989 24722.2
1999 19409.5
2009 21325.1
2019 15462.7
2029 15463.6
2039 15954.3
2049 19979.1
2059 21126.5
2069 10586
2079 8981.4
2089 19466.9
2099 16795.4
2109 18625.1
2119 20360.4
2129 28727.7
2139 26670.5
2149 24800.7
2159 16617.8
2169 11738.6
2179 23027.6
2189 13460.8
2199 22758.5
2209 20496.2
2219 12333.1
2229 15439.8
2239 21499.1
2249 18971.7
2259 11924.6
2269 18353.4
2279 16788
2289 19079.6
2299 26269.9
2309 29666.6
2319 25686.1
2329 33709.5
2339 30163.3
2349 21886.1
2359 18435.4
2369 35360.2
2379 18119.2
2389 18044.4
2399 25864.5
2409 29156.3
2419 22108.3
2429 31301.1
2439 20665.9
2449 22530.4
2459 26222
2469 13836.4
2479 21360.3
2489 9546.7
2499 13565.2
