0 0.43256 0.154696 0.259313
100 0.967438 0.859153 0.943398
200 0.988085 0.892124 0.97595
300 0.995967 0.86194 0.975757
400 0.998802 0.878165 0.979037
500 0.999129 0.906197 0.990711
600 0.999511 0.907421 0.983696
700 0.999745 0.864516 0.974361
800 0.999873 0.813565 0.985176
900 0.99992 0.86456 0.982379
1000 0.999931 0.873338 0.985681
1100 1.00005 0.90476 0.991355
1200 1.00007 0.907378 0.980959
1300 1.00012 0.879057 0.984813
1400 1.00012 0.866259 0.973991
1500 1.00018 0.887093 0.983075
1600 1.00018 0.910264 0.986529
1700 1.00021 0.898021 0.985963
1800 1.00022 0.858535 0.990107
1900 1.00022 0.905494 0.982086
2000 1.00028 0.821266 0.980758
2100 1.00028 0.84333 0.985381
2200 1.00028 0.899793 0.980144
2300 1.00033 0.890197 0.989838
2400 1.00036 0.91262 0.989442
2500 1.00036 0.894257 0.984231
2600 1.00037 0.894773 0.986267
2700 1.00038 0.897584 0.981999
2800 1.00043 0.899763 0.982587
2900 1.00047 0.921798 0.99412
3000 1.00047 0.896217 0.974148
3100 1.00057 0.914115 0.989826
3200 1.00059 0.823053 0.979393
3300 1.00059 0.900352 0.984425
3400 1.00059 0.892369 0.97625
3500 1.00063 0.862411 0.985462
3600 1.00063 0.939571 0.992755
3700 1.00068 0.917155 0.988161
3800 1.00068 0.901843 0.988056
3900 1.00069 0.913597 0.989412
4000 1.00069 0.839425 0.979854
4100 1.00069 0.898556 0.992064
4200 1.00069 0.908875 0.984753
4300 1.00069 0.854988 0.987612
4400 1.0007 0.924445 0.992642
4500 1.0007 0.87536 0.986668
4600 1.0007 0.902074 0.988471
4700 1.00071 0.862621 0.98392
4800 1.00071 0.901986 0.988226
4900 1.00074 0.866272 0.981741
5000 1.00074 0.866154 0.983432
5100 1.00074 0.904399 0.984225
5200 1.00074 0.850317 0.991798
5300 1.00075 0.904183 0.984374
5400 1.00081 0.869372 0.97434
5500 1.00081 0.871547 0.991114
5600 1.00082 0.892395 0.980789
5700 1.00082 0.8117 0.97535
5800 1.00083 0.854035 0.979949
5900 1.00083 0.898731 0.983981
6000 1.00083 0.883832 0.980733
6100 1.00083 0.91197 0.991214
6200 1.00083 0.918284 0.991215
6300 1.00083 0.899717 0.979506
6400 1.00084 0.919602 0.986613
6500 1.00084 0.883811 0.990305
6600 1.00084 0.869057 0.984989
6700 1.00087 0.873933 0.987336
6800 1.0009 0.872418 0.982477
6900 1.0009 0.903203 0.988615
7000 1.0009 0.925819 0.99455
7100 1.0009 0.924823 0.990456
7200 1.0009 0.849695 0.984872
7300 1.00096 0.85852 0.975247
7400 1.00097 0.869461 0.987815
7500 1.001 0.875289 0.977521
7600 1.001 0.924924 0.992625
7700 1.001 0.901285 0.990649
7800 1.001 0.828717 0.978654
7900 1.001 0.878149 0.98754
8000 1.00102 0.884522 0.985546
8100 1.00102 0.912289 0.993845
8200 1.00102 0.879167 0.990296
8300 1.00102 0.833388 0.978538
8400 1.00102 0.894672 0.982838
8500 1.00102 0.919706 0.994488
8600 1.00102 0.89763 0.988237
8700 1.00102 0.884065 0.977667
8800 1.00102 0.868348 0.976844
8900 1.00102 0.89066 0.987363
9000 1.00102 0.850796 0.981873
9100 1.00102 0.880582 0.987773
9200 1.00102 0.917477 0.983406
9300 1.00102 0.863305 0.985773
9400 1.00102 0.862122 0.986273
9500 1.00102 0.889585 0.990749
9600 1.00102 0.886008 0.99062
9700 1.00102 0.876058 0.976909
9800 1.00102 0.803057 0.985241
9900 1.00102 0.905839 0.983746
10000 1.00102 0.857878 0.984203
