0 0.695512 0 0.262603
100 0.981628 0.142691 0.616231
200 0.986174 0.182112 0.694358
300 0.988722 0.211454 0.685615
400 0.988722 0.231831 0.716097
500 0.99035 0.0409989 0.632988
600 0.99035 0.288301 0.692881
700 0.99035 0.233416 0.761048
800 0.990628 0.04646 0.640447
900 0.990628 0.134776 0.648094
1000 0.990628 0.139291 0.684495
1100 0.990628 0.196121 0.736441
1200 0.990628 0.146201 0.718208
1300 0.990628 0.231448 0.78596
1400 0.990628 0.339856 0.775299
1500 0.990628 0.162515 0.67943
1600 0.990628 0.271025 0.714843
1700 0.990628 0.196825 0.636026
1800 0.990628 0.233453 0.692235
1900 0.991246 0.133817 0.754163
2000 0.991246 0.156254 0.707434
2100 0.991246 0.208271 0.746452
2200 0.991246 0.136195 0.737861
2300 0.991246 0.121549 0.708005
2400 0.991246 0.148099 0.697064
2500 0.991246 0.237889 0.666496
2600 0.991246 0.290908 0.754129
2700 0.991246 0.166452 0.760424
2800 0.991246 0.237151 0.653791
2900 0.991246 0.0580708 0.679047
3000 0.991246 0.118204 0.767353
3100 0.991246 0.0964493 0.657425
3200 0.992871 0.0656249 0.696032
3300 0.99948 0.241242 0.702695
3400 1.00011 0.187861 0.782163
3500 1.00011 0.19006 0.63106
3600 1.00011 0.119483 0.624601
3700 1.00011 0.190897 0.685662
3800 1.00011 0.142202 0.740771
3900 1.00011 0.213651 0.713816
4000 1.00011 0.160872 0.695017
4100 1.00011 0.0528759 0.72319
4200 1.00011 0.0592064 0.654705
4300 1.00011 0.112088 0.708266
4400 1.00011 0.184921 0.727379
4500 1.00011 0.192492 0.757276
4600 1.00011 0.134296 0.746398
4700 1.00011 0.282871 0.661676
4800 1.00011 0.101513 0.569173
4900 1.00011 0.0819803 0.664329
5000 1.00011 0.164583 0.754946
5100 1.00011 0.101073 0.695691
5200 1.00011 0.176166 0.72805
5300 1.00011 0.174955 0.672766
5400 1.00011 0.120433 0.691969
5500 1.00011 0.144333 0.663894
5600 1.00011 0.275747 0.750282
5700 1.00011 0.173974 0.757452
5800 1.00011 0.238039 0.695578
5900 1.00011 0.261887 0.712067
6000 1.00011 0.0781873 0.729195
6100 1.00057 0.115554 0.618562
6200 1.00057 0.209872 0.750611
6300 1.00199 0.200875 0.726121
6400 1.00199 0.211425 0.665264
6500 1.00352 0.20031 0.703468
6600 1.00352 0.228863 0.716818
6700 1.00352 0.225152 0.725851
6800 1.00352 0.0650935 0.648081
6900 1.00352 0.185547 0.679905
7000 1.00352 0.241886 0.82358
7100 1.00352 0.134783 0.726731
7200 1.00352 0.200953 0.722123
7300 1.00497 0.167163 0.632221
7400 1.00497 0.123133 0.648183
7500 1.00497 0.125261 0.690192
7600 1.00497 0.0859423 0.708205
7700 1.00497 0.0963155 0.701228
7800 1.00497 0.16664 0.706072
7900 1.00497 0.298256 0.77218
8000 1.00497 0.0835823 0.630213
8100 1.00497 0.0407894 0.64763
8200 1.00497 0.162992 0.727233
8300 1.00497 0.235212 0.719664
8400 1.00497 0.215858 0.708169
8500 1.00497 0 0.714823
8600 1.00497 0.267034 0.774752
8700 1.00497 0.248231 0.702653
8800 1.00497 0.271134 0.769339
8900 1.00497 0.319503 0.765862
9000 1.00497 0.133677 0.729032
9100 1.00497 0.340833 0.753965
9200 1.00497 0.068315 0.735469
9300 1.00497 0.0871954 0.728528
9400 1.00497 0.170391 0.689054
9500 1.00497 0.204663 0.73458
9600 1.00497 0.0432975 0.672247
9700 1.00497 0.265156 0.651263
9800 1.00497 0.0418122 0.629717
9900 1.00497 0.167883 0.709885
10000 1.00497 0.263968 0.760088
