0 0.445315 0.0745956 0.258718
100 0.987262 0.748429 0.90783
200 0.996569 0.727728 0.938383
300 0.998679 0.651523 0.946599
400 0.99884 0.770943 0.941966
500 0.998846 0.788865 0.954602
600 0.999696 0.659399 0.915804
700 0.999796 0.739859 0.928766
800 0.999796 0.68286 0.935916
900 0.999797 0.613362 0.936127
1000 0.999801 0.752514 0.938991
1100 0.999801 0.648995 0.925424
1200 0.999801 0.716823 0.942446
1300 0.999801 0.849321 0.964273
1400 0.999801 0.635634 0.925328
1500 0.999962 0.75824 0.935605
1600 1 0.594969 0.917187
1700 1.00001 0.701561 0.910426
1800 1.00001 0.666174 0.933414
1900 1.00001 0.6808 0.91562
2000 1.00001 0.664068 0.921517
2100 1.00001 0.716995 0.962066
2200 1.00001 0.698425 0.957694
2300 1.00001 0.665186 0.942554
2400 1.00001 0.601153 0.934582
2500 1.00001 0.711373 0.937468
2600 1.00001 0.671878 0.923728
2700 1.00001 0.580237 0.900516
2800 1.00001 0.640451 0.919721
2900 1.00001 0.764292 0.931102
3000 1.00001 0.755109 0.951892
3100 1.00001 0.696322 0.906608
3200 1.00001 0.722059 0.932464
3300 1.00001 0.734216 0.932725
3400 1.00001 0.761673 0.943679
3500 1.00001 0.707703 0.941264
3600 1.00001 0.787243 0.948167
3700 1.00001 0.759294 0.930668
3800 1.00001 0.681668 0.91161
3900 1.00001 0.605225 0.925222
4000 1.00001 0.513255 0.931225
4100 1.00001 0.655538 0.920397
4200 1.00013 0.713148 0.925773
4300 1.00013 0.724617 0.925932
4400 1.00013 0.694234 0.946024
4500 1.00013 0.753939 0.934335
4600 1.00013 0.655264 0.93124
4700 1.00013 0.690118 0.923396
4800 1.00013 0.575156 0.906959
4900 1.00013 0.641238 0.944742
5000 1.00013 0.668637 0.920792
5100 1.00013 0.746803 0.948271
5200 1.00013 0.66378 0.902507
5300 1.00013 0.684802 0.930859
5400 1.00013 0.730147 0.937727
5500 1.00013 0.701474 0.950951
5600 1.00013 0.786309 0.941446
5700 1.00013 0.682059 0.936349
5800 1.00013 0.652621 0.937755
5900 1.00013 0.638327 0.901115
6000 1.00013 0.687507 0.933813
6100 1.00013 0.804423 0.955839
6200 1.00013 0.698805 0.91439
6300 1.00013 0.699593 0.920747
6400 1.00013 0.675098 0.959674
6500 1.00013 0.624869 0.93492
6600 1.00013 0.723114 0.946695
6700 1.00013 0.64374 0.943814
6800 1.00013 0.68071 0.927366
6900 1.00013 0.635571 0.950008
7000 1.00013 0.686713 0.896661
7100 1.00013 0.792742 0.934849
7200 1.00013 0.735803 0.946859
7300 1.00013 0.646821 0.936135
7400 1.00013 0.596627 0.906269
7500 1.00013 0.728314 0.939642
7600 1.00013 0.741974 0.936993
7700 1.00013 0.735856 0.928025
7800 1.00013 0.700158 0.930059
7900 1.00013 0.652995 0.924695
8000 1.00013 0.69435 0.923308
8100 1.00013 0.745395 0.953895
8200 1.00013 0.778174 0.93216
8300 1.00013 0.774097 0.954515
8400 1.00013 0.70748 0.957543
8500 1.00013 0.634204 0.92404
8600 1.00013 0.73373 0.937841
8700 1.00013 0.787078 0.931959
8800 1.00013 0.749294 0.949707
8900 1.00013 0.694609 0.920918
9000 1.00013 0.759525 0.928743
9100 1.00013 0.712098 0.933531
9200 1.00013 0.689851 0.902266
9300 1.00013 0.753709 0.945518
9400 1.00013 0.727486 0.931778
9500 1.00013 0.752042 0.940388
9600 1.00013 0.693444 0.925886
9700 1.00013 0.797336 0.94884
9800 1.00013 0.620055 0.924145
9900 1.00013 0.70772 0.930406
10000 1.00013 0.812758 0.944472
