0 0.615379 0.0227591 0.244926
100 0.946893 0.230978 0.679647
200 0.963233 0.130924 0.722045
300 0.988538 0.271325 0.746585
400 0.989281 0.15597 0.649546
500 0.990105 0.218063 0.666531
600 0.992388 0.150332 0.667744
700 1.00051 0.129088 0.712794
800 1.00051 0.256353 0.718619
900 1.00051 0.0864736 0.679306
1000 1.00051 0.163842 0.742759
1100 1.00051 0.147244 0.689349
1200 1.00051 0.266696 0.695441
1300 1.00051 0.25048 0.713778
1400 1.00079 0.102109 0.690149
1500 1.00111 0.19334 0.764065
1600 1.00111 0.304255 0.743521
1700 1.00111 0.0607835 0.664924
1800 1.00111 0.226889 0.735517
1900 1.00111 0.0669301 0.706052
2000 1.00111 0.197884 0.765177
2100 1.00111 0.0472857 0.695651
2200 1.00111 0.102843 0.775767
2300 1.00111 0.224602 0.738243
2400 1.00111 0.249374 0.74458
2500 1.00111 0.102139 0.613379
2600 1.00111 0.0548221 0.725116
2700 1.00111 0.057474 0.668044
2800 1.00111 0.31745 0.72761
2900 1.00111 0.305707 0.741695
3000 1.00111 0.080814 0.708485
3100 1.00111 0.175724 0.718553
3200 1.00111 0.0548395 0.685305
3300 1.00111 0.126126 0.638484
3400 1.00111 0.169273 0.758999
3500 1.00111 0.221906 0.785218
3600 1.00111 0.185041 0.704839
3700 1.00111 0.18278 0.708482
3800 1.00111 0.0744035 0.67745
3900 1.00111 0.3761 0.754174
4000 1.00111 0.130845 0.637466
4100 1.00111 0.248557 0.733966
4200 1.00111 0.0950236 0.672472
4300 1.00111 0.116471 0.693662
4400 1.00111 0.149265 0.666349
4500 1.00111 0.150942 0.691141
4600 1.00111 0.0193091 0.642963
4700 1.00111 0.100057 0.693321
4800 1.00111 0.226068 0.691864
4900 1.00111 0.130485 0.664891
5000 1.00111 0.224082 0.699143
5100 1.00111 0.152189 0.748584
5200 1.00111 0.161304 0.723772
5300 1.00111 0.0849006 0.694125
5400 1.00111 0.110574 0.69345
5500 1.00111 0.0991243 0.692926
5600 1.00111 0.178913 0.663747
5700 1.00111 0.169075 0.708739
5800 1.00111 0.202024 0.685882
5900 1.00111 0.110575 0.708123
6000 1.00111 0.168804 0.688555
6100 1.00111 0.158911 0.701255
6200 1.00111 0.16026 0.75319
6300 1.00111 0.182953 0.663933
6400 1.00111 0.162006 0.705164
6500 1.00111 0.120092 0.644093
6600 1.00111 0.248644 0.708739
6700 1.00111 0.178726 0.667217
6800 1.00111 0.265606 0.73914
6900 1.00111 0.175697 0.643575
7000 1.00111 0.200111 0.687797
7100 1.00111 0.0446823 0.717051
7200 1.00111 0.0609514 0.709851
7300 1.00111 0.21379 0.730501
7400 1.00111 0.20907 0.67172
7500 1.00111 0.129825 0.718973
7600 1.00111 0.208545 0.713597
7700 1.00111 0.144788 0.704732
7800 1.00111 0.204195 0.725249
7900 1.00111 0.209287 0.729852
8000 1.00111 0.318596 0.817133
8100 1.00111 0.279261 0.698305
8200 1.00111 0.240752 0.725897
8300 1.00111 0.0837209 0.726361
8400 1.00111 0.173764 0.750648
8500 1.00111 0.210735 0.741571
8600 1.00111 0.131011 0.680019
8700 1.00111 0.0855365 0.663205
8800 1.00111 0.0940161 0.733012
8900 1.00111 0.0846137 0.67338
9000 1.00111 0.234686 0.734542
9100 1.00111 0.283186 0.739959
9200 1.00111 0.213568 0.742404
9300 1.00111 0.1382 0.729011
9400 1.00111 0.269415 0.758159
9500 1.00111 0.157885 0.72304
9600 1.00111 0.27957 0.718667
9700 1.00111 0.134483 0.663271
9800 1.00111 0.0905577 0.778646
9900 1.00111 0.247628 0.724473
10000 1.00111 0.0369091 0.695269
