0 0.459328 0.103197 0.263219
100 0.978267 0.696588 0.882465
200 0.998385 0.639048 0.932623
300 0.99896 0.663648 0.947456
400 0.998979 0.59024 0.937713
500 0.999263 0.621403 0.938332
600 0.999298 0.731578 0.934446
700 0.999361 0.616115 0.93021
800 0.999361 0.693001 0.919616
900 0.999361 0.580074 0.939249
1000 0.999361 0.551522 0.906818
1100 0.999361 0.709501 0.937549
1200 0.999361 0.714895 0.918671
1300 0.999362 0.72484 0.912309
1400 0.999469 0.736952 0.948776
1500 0.999478 0.794112 0.959349
1600 0.999478 0.769076 0.938551
1700 0.999488 0.607943 0.945368
1800 0.999488 0.666172 0.939758
1900 0.999488 0.745895 0.944062
2000 0.999488 0.723081 0.908895
2100 0.999488 0.808923 0.945287
2200 0.999488 0.6924 0.904642
2300 0.999488 0.764486 0.938599
2400 0.999488 0.677997 0.931876
2500 0.999488 0.71466 0.928803
2600 0.999488 0.72471 0.945741
2700 0.999488 0.690006 0.928819
2800 0.999488 0.710951 0.927077
2900 0.999488 0.706204 0.927667
3000 0.999488 0.734565 0.956648
3100 0.999488 0.629429 0.946031
3200 0.999488 0.771204 0.955744
3300 0.999488 0.765184 0.935704
3400 0.999488 0.791063 0.947734
3500 0.999488 0.638166 0.935035
3600 0.999488 0.682431 0.92848
3700 0.999488 0.764325 0.94446
3800 0.999488 0.780482 0.939678
3900 0.999488 0.765934 0.947014
4000 0.999488 0.765321 0.952449
4100 0.999488 0.709427 0.944841
4200 0.999648 0.795782 0.939232
4300 0.999701 0.75044 0.956634
4400 1.00011 0.757976 0.938671
4500 1.00013 0.604167 0.937834
4600 1.00016 0.691052 0.926412
4700 1.00028 0.729193 0.94407
4800 1.00029 0.696049 0.906298
4900 1.00029 0.638768 0.931941
5000 1.00029 0.764634 0.964141
5100 1.00029 0.748096 0.945943
5200 1.00029 0.764401 0.934293
5300 1.00029 0.755873 0.938516
5400 1.00029 0.606199 0.900839
5500 1.00029 0.701199 0.932797
5600 1.00029 0.713552 0.909835
5700 1.00029 0.726603 0.950164
5800 1.00029 0.672431 0.924994
5900 1.00029 0.795284 0.94246
6000 1.00029 0.714763 0.933781
6100 1.00029 0.656318 0.921225
6200 1.00029 0.6643 0.939892
6300 1.00029 0.760025 0.944257
6400 1.00029 0.777442 0.953363
6500 1.00029 0.735199 0.93216
6600 1.00029 0.71208 0.95937
6700 1.00029 0.704466 0.960446
6800 1.00029 0.718808 0.9339
6900 1.00029 0.664829 0.930238
7000 1.00029 0.776486 0.957612
7100 1.00029 0.764264 0.961442
7200 1.00029 0.809052 0.949816
7300 1.00029 0.666915 0.922863
7400 1.00029 0.6761 0.943792
7500 1.00029 0.654825 0.919957
7600 1.00029 0.780512 0.947951
7700 1.00029 0.757022 0.954781
7800 1.00029 0.802242 0.962699
7900 1.00029 0.670477 0.95741
8000 1.00029 0.724034 0.941785
8100 1.00029 0.653014 0.949487
8200 1.00029 0.655419 0.944532
8300 1.00029 0.621736 0.951099
8400 1.00029 0.692042 0.922819
8500 1.00029 0.649275 0.940946
8600 1.00029 0.716404 0.926634
8700 1.00029 0.720643 0.942866
8800 1.00029 0.609934 0.918588
8900 1.00029 0.648181 0.923506
9000 1.00029 0.654103 0.904076
9100 1.00029 0.679339 0.92554
9200 1.00029 0.684099 0.924444
9300 1.00029 0.570392 0.899854
9400 1.00029 0.742734 0.955875
9500 1.00029 0.750044 0.949618
9600 1.00029 0.643357 0.911383
9700 1.00029 0.741487 0.932912
9800 1.00029 0.679118 0.934652
9900 1.00029 0.67614 0.914685
10000 1.00029 0.767796 0.916947
