0 0.606795 0.0150631 0.2876
10 0.985703 0.236691 0.605013
20 0.993769 0.139973 0.809666
30 0.993769 0.199612 0.727618
40 0.993769 0.365176 0.813626
50 0.993769 0.261148 0.844138
60 0.993769 0.501228 0.888239
70 0.993769 0.484419 0.862943
80 0.993769 0.11676 0.685737
90 0.993769 0.445066 0.900893
100 0.993769 0.263933 0.757911
110 0.993769 0.251319 0.828847
120 0.993769 0.456715 0.907811
130 0.993769 0.330177 0.772147
140 0.993769 0.238372 0.810498
150 0.996139 0.164911 0.830632
160 0.996139 0.425502 0.817258
170 0.996139 0.445041 0.78337
180 0.996139 0.322783 0.747481
190 0.996139 0.299519 0.738509
200 0.996139 0.313672 0.771987
210 0.996139 0.439698 0.851044
220 0.996139 0.292782 0.706658
230 0.996139 0.491667 0.820976
240 0.996139 0.318485 0.837637
250 0.996139 0.129336 0.755651
260 0.996139 0.396618 0.805112
270 0.996763 0.591299 0.896369
280 0.996763 0.0820804 0.652987
290 0.996763 0.376728 0.805716
300 0.996763 0.165419 0.833034
310 0.996763 0.42971 0.81828
320 0.996763 0.365883 0.753324
330 0.996763 0.32744 0.82913
340 0.996763 0.136706 0.786673
350 0.996763 0.305579 0.656109
360 0.996763 0.374964 0.787585
370 0.996763 0.291142 0.764896
380 0.996763 0.168348 0.721427
390 0.997736 0.334755 0.766528
400 0.997736 0.22071 0.882719
410 0.997736 0.28737 0.778123
420 0.997736 0.360316 0.877615
430 0.997736 0.188066 0.75313
440 0.997736 0.35443 0.749284
450 0.997736 0.506152 0.887958
460 0.997736 0.351213 0.859101
470 0.997736 0.399568 0.837426
480 0.997736 0.167488 0.709172
490 0.997736 0.250025 0.867338
500 0.997736 0.273702 0.795482
510 0.997736 0.198234 0.740165
520 0.997736 0.256862 0.663017
530 0.997736 0.312929 0.768588
540 0.997736 0.434824 0.795344
550 0.997736 0.410488 0.820113
560 0.997736 0.185241 0.746498
570 0.997736 0.373311 0.81608
580 0.997736 0.581158 0.84696
590 0.997736 0.518533 0.856982
600 0.997736 0.151194 0.883804
610 0.997736 0.4448 0.870309
620 0.997736 0.237734 0.74495
630 0.997736 0.38007 0.838123
640 0.997736 0.37875 0.867331
650 0.997736 0.298103 0.747069
660 0.997736 0.204818 0.782801
670 0.997736 0.24285 0.800212
680 0.997736 0.649826 0.880308
690 1.00034 0.272287 0.778591
700 1.00034 0.304284 0.751705
710 1.00034 0.383477 0.805089
720 1.00034 0.253473 0.703094
730 1.00034 0.192705 0.781044
740 1.00034 0.289792 0.798351
750 1.00034 0.328275 0.803846
760 1.00034 0.39567 0.897843
770 1.00034 0.447071 0.887078
780 1.00034 0.331461 0.75658
790 1.00034 0.407127 0.855249
800 1.00034 0.432847 0.868232
810 1.00034 0.165619 0.769721
820 1.00034 0.311758 0.707119
830 1.00034 0.188091 0.742834
840 1.00034 0.38124 0.772861
850 1.00034 0.205656 0.723615
860 1.00034 0.225972 0.724035
870 1.00034 0.301238 0.823746
880 1.00034 0.332038 0.715523
890 1.00034 0.350525 0.818168
900 1.00034 0.350582 0.878003
910 1.00034 0.251873 0.865414
920 1.00034 0.298612 0.775121
930 1.00034 0.131815 0.847065
940 1.00034 0.244685 0.779764
950 1.00034 0.26271 0.845951
960 1.00034 0.401042 0.853753
970 1.00034 0.288651 0.746311
980 1.00034 0.197574 0.732963
990 1.00034 0.314682 0.783432
1000 1.00034 0.407127 0.888689
1010 1.00034 0.296697 0.838702
1020 1.00034 0.156963 0.805466
1030 1.00034 0.293006 0.862382
1040 1.00034 0.116859 0.76651
1050 1.00034 0.195281 0.757092
1060 1.00034 0.330897 0.815539
1070 1.00034 0.33782 0.799115
1080 1.00034 0.319874 0.809578
1090 1.00034 0.254144 0.778796
1100 1.00034 0.301238 0.7581
1110 1.00034 0.228516 0.766681
1120 1.00034 0.234093 0.778475
1130 1.00034 0.53838 0.923735
1140 1.00034 0.360378 0.799988
1150 1.00034 0.197259 0.82013
1160 1.00034 0.220748 0.757054
1170 1.00034 0.0210199 0.756877
1180 1.00034 0.331771 0.770312
1190 1.00034 0.220087 0.765579
1200 1.00034 0.276614 0.80765
1210 1.00034 0.25814 0.857269
1220 1.00034 0.27411 0.858733
1230 1.00034 0.465638 0.814883
1240 1.00034 0.490609 0.871395
1250 1.00034 0.261425 0.739011
1260 1.00034 0.308533 0.84265
1270 1.00034 0.171774 0.741558
1280 1.00034 0.336696 0.86375
1290 1.00034 0.407127 0.906317
1300 1.00034 0.334755 0.864492
1310 1.00034 0.201177 0.758111
1320 1.00034 0.0779772 0.741849
1330 1.00034 0.300028 0.741268
1340 1.00034 0.291425 0.784872
1350 1.00034 0.310805 0.745359
1360 1.00034 0.252637 0.798249
1370 1.00034 0.22152 0.685123
1380 1.00034 0.354397 0.838566
1390 1.00034 0.34503 0.814998
1400 1.00034 0.354555 0.937665
1410 1.00034 0.335041 0.756511
1420 1.00034 0.1041 0.762012
1430 1.00034 0.455248 0.900011
1440 1.00034 0.286623 0.802711
1450 1.00034 0.32067 0.762601
1460 1.00034 0.220943 0.746878
1470 1.00034 0.325193 0.796278
1480 1.00034 0.056545 0.848563
1490 1.00034 0.168308 0.674906
1500 1.00034 0.432847 0.883628
1510 1.00034 0.246436 0.835097
1520 1.00034 0.396947 0.812452
1530 1.00034 0.102521 0.75418
1540 1.00034 0.162883 0.696099
1550 1.00034 0.213985 0.730768
1560 1.00034 0.354397 0.731696
1570 1.00034 0.13969 0.703604
1580 1.00034 0.154503 0.757421
1590 1.00034 0.223787 0.746007
1600 1.00034 0.395835 0.817605
1610 1.00034 0.343893 0.794418
1620 1.00034 0.191138 0.84897
1630 1.00034 0.184508 0.820107
1640 1.00034 0.217252 0.87234
1650 1.00034 0.379087 0.756229
1660 1.00034 0.141592 0.824774
1670 1.00034 0.255248 0.802923
1680 1.00034 0.420629 0.86709
1690 1.00034 0.134115 0.714875
1700 1.00034 0.292771 0.838677
1710 1.00034 0.481764 0.769389
1720 1.00034 0.27971 0.776817
1730 1.00034 0.570783 0.93495
1740 1.00034 0.124824 0.749333
1750 1.00034 0.407127 0.826573
1760 1.00034 0.20128 0.677048
1770 1.00034 0.403184 0.859193
1780 1.00034 0.157366 0.807996
1790 1.00034 0.358942 0.84043
1800 1.00034 0.400446 0.891906
1810 1.00034 0.385187 0.911002
1820 1.00034 0.219282 0.731434
1830 1.00034 0.143329 0.760424
1840 1.00034 0.368414 0.756554
1850 1.00034 0.287439 0.781169
1860 1.00034 0.371339 0.811896
1870 1.00034 0.193129 0.759369
1880 1.00034 0.323576 0.815464
1890 1.00034 0.36939 0.810776
1900 1.00034 0.16908 0.767501
1910 1.00034 0.315639 0.764599
1920 1.00034 0.141748 0.768725
1930 1.00034 0.371015 0.825881
1940 1.00034 0.354397 0.78154
1950 1.00034 0.221115 0.700649
1960 1.00034 0.155218 0.882735
1970 1.00034 0.14498 0.717863
1980 1.00034 0.305605 0.831216
1990 1.00034 0.104617 0.789447
2000 1.00034 0.23023 0.744773
2010 1.00034 0.417293 0.795286
2020 1.00034 0.232291 0.617988
2030 1.00034 0.398282 0.883257
2040 1.00034 0.144267 0.817125
2050 1.00034 0.161687 0.695432
2060 1.00034 0.377646 0.864149
2070 1.00034 0.16908 0.838017
2080 1.00034 0.335556 0.769212
2090 1.00034 0.322592 0.82453
2100 1.00034 0.361862 0.726866
2110 1.00034 0.145819 0.737701
2120 1.00034 0.207828 0.823971
2130 1.00034 0.277425 0.772637
2140 1.00034 0.20907 0.832532
2150 1.00034 0.226084 0.815483
2160 1.00034 0.13703 0.750675
2170 1.00034 0.296354 0.799053
2180 1.00034 0.373344 0.80996
2190 1.00034 0.0920377 0.797962
2200 1.00034 0.438158 0.836555
2210 1.00034 0.208828 0.828746
2220 1.00034 0.356486 0.820336
2230 1.00034 0.243707 0.669489
2240 1.00034 0.372374 0.7696
2250 1.00034 0.0588771 0.838035
2260 1.00034 0.107644 0.797897
2270 1.00034 0.401907 0.788753
2280 1.00034 0.443135 0.878632
2290 1.00034 0.333296 0.691483
2300 1.00034 0.233245 0.775046
2310 1.00034 0.0903882 0.742964
2320 1.00034 0.164957 0.852999
2330 1.00034 0.407127 0.863172
2340 1.00034 0.145348 0.741509
2350 1.00034 0.232489 0.860691
2360 1.00034 0.167148 0.763326
2370 1.00034 0.347261 0.790983
2380 1.00034 0.138904 0.800656
2390 1.00034 0.22152 0.729581
2400 1.00034 0.368848 0.825604
2410 1.00034 0.407127 0.768632
2420 1.00034 0.181802 0.802643
2430 1.00034 0.191049 0.77054
2440 1.00034 0.282279 0.736038
2450 1.00034 0.234626 0.769558
2460 1.00034 0.193737 0.74087
2470 1.00034 0.234626 0.69119
2480 1.00034 0.354106 0.81443
2490 1.00034 0.197875 0.767365
2500 1.00034 0.309305 0.885896
2510 1.00034 0.322406 0.78673
2520 1.00034 0.279035 0.742951
2530 1.00034 0.376299 0.81107
2540 1.00034 0.41477 0.800327
2550 1.00034 0.421601 0.869567
2560 1.00034 0.165934 0.804365
2570 1.00034 0.435805 0.835385
2580 1.00034 0.0903882 0.70713
2590 1.00034 0.570498 0.890085
2600 1.00034 0.265761 0.728686
2610 1.00034 0.307191 0.808947
2620 1.00034 0.367656 0.744399
2630 1.00034 0.444992 0.874628
2640 1.00034 0.229216 0.768979
2650 1.00034 0.227524 0.775619
2660 1.00034 0.477914 0.852215
2670 1.00034 0.369964 0.86721
2680 1.00034 0.308334 0.836568
2690 1.00034 0.337174 0.803239
2700 1.00034 0.341811 0.769883
2710 1.00034 0.22123 0.783111
2720 1.00034 0.509932 0.872313
2730 1.00034 0.311235 0.761628
2740 1.00034 0.0460036 0.759985
2750 1.00034 0.251747 0.838245
2760 1.00034 0.286261 0.786205
2770 1.00034 0.101596 0.669172
2780 1.00034 0.139041 0.838329
2790 1.00034 0.371532 0.859605
2800 1.00034 0.199299 0.815201
2810 1.00034 0.171625 0.780973
2820 1.00034 0.199299 0.823986
2830 1.00034 0.29391 0.878541
2840 1.00034 0.10183 0.77609
2850 1.00034 0.309557 0.822978
2860 1.00034 0.165232 0.698319
2870 1.00034 0.372259 0.779615
2880 1.00034 0.407127 0.855908
2890 1.00034 0.344405 0.839371
2900 1.00034 0.255946 0.771735
2910 1.00034 0.356286 0.854103
2920 1.00034 0.435805 0.830521
2930 1.00034 0.290692 0.84686
2940 1.00034 0.192161 0.617622
2950 1.00034 0.435805 0.858306
2960 1.00034 0.316481 0.784965
2970 1.00034 0.372539 0.846874
2980 1.00034 0.147556 0.694487
2990 1.00034 0.356286 0.781107
3000 1.00034 0.430021 0.859618
