0 0.393668 0.105209 0.253826
100 0.96888 0.866513 0.9489
200 0.98936 0.861226 0.972118
300 0.994281 0.890357 0.978984
400 0.996595 0.858247 0.976931
500 0.997896 0.894952 0.986415
600 0.998571 0.854438 0.976822
700 0.999554 0.848052 0.972181
800 0.99959 0.900602 0.990886
900 1.00001 0.908803 0.983721
1000 1.00007 0.92218 0.98853
1100 1.00009 0.905153 0.988961
1200 1.00023 0.878234 0.979441
1300 1.00032 0.867504 0.987897
1400 1.00036 0.893486 0.984803
1500 1.00036 0.869809 0.984281
1600 1.00039 0.898341 0.985967
1700 1.00039 0.920372 0.987
1800 1.00039 0.929409 0.992666
1900 1.00039 0.88954 0.989319
2000 1.00039 0.909064 0.989507
2100 1.00041 0.872584 0.979547
2200 1.00044 0.90667 0.988341
2300 1.00046 0.82218 0.981171
2400 1.00046 0.900897 0.983948
2500 1.00046 0.893992 0.990158
2600 1.00052 0.847816 0.985574
2700 1.00054 0.89896 0.986601
2800 1.00063 0.928472 0.987482
2900 1.00074 0.89913 0.989274
3000 1.00074 0.843029 0.976618
3100 1.00075 0.894666 0.986403
3200 1.00076 0.901495 0.982154
3300 1.00076 0.916699 0.987702
3400 1.00076 0.824767 0.991979
3500 1.00077 0.877599 0.978111
3600 1.00077 0.915179 0.985673
3700 1.00081 0.890929 0.985271
3800 1.0009 0.865416 0.984889
3900 1.0009 0.894739 0.987214
4000 1.0009 0.886377 0.983658
4100 1.00092 0.869321 0.988369
4200 1.00092 0.88857 0.978692
4300 1.00094 0.834864 0.989779
4400 1.00104 0.915214 0.987691
4500 1.00106 0.884402 0.989171
4600 1.00106 0.875516 0.987566
4700 1.00106 0.855407 0.982045
4800 1.00106 0.859635 0.987103
4900 1.00106 0.943696 0.994687
5000 1.00107 0.846931 0.985837
5100 1.00107 0.909205 0.985824
5200 1.00107 0.864636 0.981766
5300 1.00107 0.909256 0.990588
5400 1.00107 0.858468 0.980857
5500 1.00107 0.871 0.977709
5600 1.00107 0.918391 0.990051
5700 1.00107 0.859945 0.983509
5800 1.00107 0.830603 0.980325
5900 1.00107 0.893608 0.978571
6000 1.00107 0.865537 0.972035
6100 1.00107 0.929417 0.990413
6200 1.00107 0.885465 0.983234
6300 1.00107 0.868224 0.983692
6400 1.00107 0.862356 0.978869
6500 1.00107 0.847677 0.978818
6600 1.00107 0.892746 0.989797
6700 1.00107 0.871202 0.980238
6800 1.00107 0.878278 0.980107
6900 1.00107 0.888873 0.986481
7000 1.00107 0.822702 0.980641
7100 1.00107 0.900978 0.986151
7200 1.00107 0.828766 0.966812
7300 1.00107 0.84949 0.980121
7400 1.00107 0.911583 0.989254
7500 1.00107 0.866423 0.973293
7600 1.00107 0.870442 0.982315
7700 1.00107 0.861547 0.984161
7800 1.00107 0.91875 0.99085
7900 1.00107 0.858285 0.973957
8000 1.00107 0.902322 0.987785
8100 1.00107 0.894459 0.9849
8200 1.00107 0.945276 0.997412
8300 1.00107 0.909537 0.992405
8400 1.00107 0.879866 0.984751
8500 1.00107 0.899565 0.98671
8600 1.00107 0.86447 0.990287
8700 1.00107 0.928537 0.993041
8800 1.00107 0.887664 0.977211
8900 1.00107 0.900113 0.995021
9000 1.00107 0.901883 0.991461
9100 1.00107 0.905937 0.991864
9200 1.00107 0.852021 0.983812
9300 1.00107 0.933819 0.991628
9400 1.00107 0.921287 0.994617
9500 1.00107 0.913768 0.987029
9600 1.00107 0.880945 0.98406
9700 1.00107 0.893539 0.988666
9800 1.00107 0.860835 0.987513
9900 1.00107 0.903015 0.98094
10000 1.00107 0.883216 0.981541
