0 0.48154 0.108929 0.271028
100 0.961728 0.876209 0.939121
200 0.989487 0.849435 0.969116
300 0.993449 0.85277 0.974219
400 0.997672 0.88943 0.982418
500 0.998441 0.892349 0.975338
600 0.998541 0.892759 0.983229
700 0.998614 0.861001 0.983849
800 1.00001 0.903007 0.979555
900 1.00002 0.904751 0.987934
1000 1.00014 0.870349 0.980284
1100 1.00014 0.885804 0.984563
1200 1.00017 0.903543 0.98646
1300 1.00024 0.896987 0.987676
1400 1.00026 0.911154 0.985081
1500 1.00037 0.875413 0.982852
1600 1.00037 0.89627 0.988981
1700 1.00037 0.904815 0.989209
1800 1.00042 0.91193 0.986406
1900 1.00047 0.885821 0.984667
2000 1.00049 0.886456 0.989109
2100 1.00054 0.87457 0.986926
2200 1.00058 0.895055 0.991224
2300 1.00058 0.915147 0.986667
2400 1.00064 0.832182 0.980913
2500 1.00067 0.8855 0.982907
2600 1.00071 0.924028 0.988895
2700 1.00071 0.908374 0.989768
2800 1.00072 0.822856 0.97692
2900 1.00073 0.891838 0.982175
3000 1.00073 0.884109 0.989411
3100 1.00073 0.84826 0.975152
3200 1.00073 0.849965 0.985467
3300 1.00073 0.880318 0.984973
3400 1.00075 0.903512 0.982335
3500 1.00075 0.874719 0.977685
3600 1.00079 0.857689 0.993014
3700 1.0008 0.938094 0.996781
3800 1.0008 0.852915 0.984217
3900 1.0008 0.905412 0.989798
4000 1.0008 0.835105 0.974876
4100 1.0008 0.898043 0.987691
4200 1.00081 0.905974 0.988759
4300 1.00082 0.833925 0.973089
4400 1.00083 0.898092 0.989319
4500 1.00083 0.867704 0.976336
4600 1.00083 0.901543 0.986253
4700 1.00083 0.874627 0.982575
4800 1.00083 0.926628 0.990076
4900 1.00083 0.894443 0.987123
5000 1.00083 0.921442 0.991365
5100 1.00083 0.885284 0.984731
5200 1.00083 0.88712 0.990072
5300 1.00083 0.891454 0.984868
5400 1.00083 0.880373 0.980898
5500 1.00083 0.920827 0.986795
5600 1.00083 0.909845 0.991342
5700 1.00083 0.899984 0.987107
5800 1.00087 0.806237 0.975917
5900 1.00087 0.909641 0.984073
6000 1.00087 0.88676 0.979321
6100 1.00087 0.907996 0.985285
6200 1.00087 0.882433 0.982122
6300 1.00087 0.868912 0.98667
6400 1.00087 0.893816 0.985696
6500 1.00087 0.882597 0.977023
6600 1.00087 0.812695 0.980956
6700 1.00087 0.876152 0.987951
6800 1.00087 0.859731 0.980111
6900 1.00087 0.77298 0.975172
7000 1.00087 0.890086 0.986463
7100 1.00087 0.902366 0.985569
7200 1.00087 0.919514 0.98692
7300 1.00087 0.902027 0.991767
7400 1.00087 0.847512 0.988448
7500 1.00087 0.868957 0.973236
7600 1.00087 0.889848 0.984055
7700 1.00087 0.876777 0.981117
7800 1.00087 0.827115 0.986361
7900 1.00087 0.89225 0.98685
8000 1.00087 0.82582 0.982904
8100 1.00087 0.874363 0.993918
8200 1.00087 0.844252 0.983603
8300 1.00087 0.836866 0.96844
8400 1.00087 0.831107 0.975905
8500 1.00087 0.874383 0.985231
8600 1.00087 0.854664 0.97968
8700 1.00087 0.81729 0.984476
8800 1.00087 0.878529 0.986091
8900 1.00087 0.915332 0.992433
9000 1.00087 0.938737 0.993854
9100 1.00087 0.892912 0.985494
9200 1.00087 0.88669 0.976164
9300 1.00087 0.869462 0.987818
9400 1.00087 0.884743 0.98521
9500 1.00087 0.90918 0.990494
9600 1.00087 0.916457 0.994468
9700 1.00087 0.853136 0.985691
9800 1.00087 0.847975 0.984855
9900 1.00087 0.900111 0.987264
10000 1.00087 0.898317 0.992167
