0 0.569031 0 0.241802
100 0.99365 0.168181 0.638858
200 0.99365 0.20971 0.689386
300 0.99365 0.225287 0.832869
400 0.99365 0.14232 0.656876
500 0.99365 0.135922 0.724134
600 0.99365 0.218222 0.804927
700 0.99365 0.288666 0.725002
800 0.99873 0.148132 0.682746
900 1.00046 0.238082 0.762646
1000 1.00046 0.131662 0.72969
1100 1.00167 0.154574 0.643467
1200 1.00167 0.101023 0.585026
1300 1.00167 0.184143 0.667554
1400 1.00167 0.165341 0.678335
1500 1.00167 0.124419 0.666568
1600 1.00167 0.106561 0.712469
1700 1.00167 0.138683 0.72911
1800 1.00167 0.124107 0.728945
1900 1.00167 0.139193 0.74885
2000 1.00167 0.157907 0.70832
2100 1.00167 0.201064 0.658246
2200 1.00167 0.188699 0.702679
2300 1.00167 0.303076 0.731279
2400 1.00167 0.201446 0.747906
2500 1.00167 0.165474 0.663849
2600 1.00167 0.367619 0.790343
2700 1.00167 0.238331 0.74833
2800 1.00167 0.206483 0.721582
2900 1.00167 0.31635 0.713815
3000 1.00167 0.182279 0.683797
3100 1.00167 0.257892 0.742148
3200 1.00167 0.165509 0.74552
3300 1.00167 0.20133 0.681224
3400 1.00167 0.089866 0.68958
3500 1.00167 0.255927 0.737811
3600 1.00167 0.146017 0.629883
3700 1.00167 0.204245 0.6998
3800 1.00167 0.250427 0.716521
3900 1.00167 0.181941 0.721984
4000 1.00167 0.243841 0.745576
4100 1.00167 0.13704 0.654113
4200 1.00167 0.228487 0.774915
4300 1.00167 0.0495575 0.703107
4400 1.00167 0.106087 0.6833
4500 1.00167 0.146209 0.697083
4600 1.00167 0.135278 0.686448
4700 1.00167 0.213555 0.699692
4800 1.00167 0.0619229 0.69129
4900 1.00167 0.12316 0.630765
5000 1.00167 0.190526 0.777423
5100 1.00167 0.253918 0.750513
5200 1.00167 0.123494 0.698408
5300 1.00167 0.133587 0.623161
5400 1.00167 0.13323 0.662105
5500 1.00167 0.162984 0.726863
5600 1.00167 0.105438 0.713759
5700 1.00167 0.218658 0.713971
5800 1.00167 0.288203 0.732
5900 1.00167 0.309414 0.741542
6000 1.00167 0.213603 0.709014
6100 1.00167 0.0632411 0.682927
6200 1.00167 0.198665 0.683797
6300 1.00167 0.230092 0.695579
6400 1.00167 0.0756242 0.585093
6500 1.00167 0.0238565 0.727267
6600 1.00167 0.265401 0.702525
6700 1.00229 0.314935 0.762473
6800 1.00229 0.338902 0.739505
6900 1.00229 0.0626009 0.691339
7000 1.00229 0.250506 0.739075
7100 1.00229 0.0233826 0.758544
7200 1.00229 0.298202 0.756932
7300 1.00229 0.0576026 0.579688
7400 1.00229 0.054021 0.691595
7500 1.00229 0.0705736 0.653008
7600 1.00229 0.214448 0.766783
7700 1.00229 0.175781 0.679129
7800 1.00229 0.0634134 0.747629
7900 1.00229 0.193264 0.776761
8000 1.00229 0.257728 0.726265
8100 1.00229 0.369784 0.75464
8200 1.00229 0.227557 0.746719
8300 1.00229 0.166634 0.724125
8400 1.00229 0.0965352 0.610042
8500 1.00229 0.179221 0.687341
8600 1.00229 0.195346 0.699168
8700 1.00229 0.270048 0.727716
8800 1.00229 0.0404715 0.727451
8900 1.00229 0.254952 0.776889
9000 1.00229 0.153895 0.721944
9100 1.00229 0.236711 0.701132
9200 1.00229 0.222923 0.665421
9300 1.00229 0.275814 0.743619
9400 1.00229 0.0233826 0.695763
9500 1.00229 0.20057 0.722681
9600 1.00229 0.12576 0.639089
9700 1.00229 0.156715 0.731138
9800 1.00229 0.193993 0.774423
9900 1.00229 0.120346 0.719239
10000 1.00229 0.264903 0.692244
