0 0.647253 0 0.252662
100 0.992132 0.221635 0.714798
200 0.992132 0.0974449 0.66196
300 0.992132 0.0845102 0.672285
400 0.992132 0.128818 0.699776
500 0.996783 0.223537 0.757902
600 0.996783 0.172593 0.740652
700 0.996783 0.0948383 0.682773
800 0.996783 0.183391 0.661072
900 0.996783 0.192416 0.709367
1000 0.996783 0.197561 0.704169
1100 0.996783 0.152937 0.777004
1200 0.996783 0.267717 0.745935
1300 0.996825 0.244866 0.698269
1400 0.996825 0.163084 0.700826
1500 0.996825 0.206499 0.651506
1600 0.996825 0.114433 0.632623
1700 0.996825 0.176508 0.751722
1800 0.996825 0.181869 0.744423
1900 0.996825 0.308236 0.778509
2000 0.996825 0.13125 0.613005
2100 0.996825 0.140927 0.678083
2200 0.996825 0.181816 0.780525
2300 0.996825 0.0799971 0.714102
2400 0.996825 0.324383 0.708297
2500 0.996825 0.239346 0.648636
2600 0.996825 0.212626 0.76817
2700 0.999914 0.168665 0.61737
2800 0.999914 0.143776 0.723929
2900 0.999914 0.0232401 0.677415
3000 0.999914 0.204677 0.707246
3100 0.999914 0.139598 0.70494
3200 0.999914 0.235251 0.774494
3300 0.999914 0.133338 0.681058
3400 1.00142 0.0987883 0.692213
3500 1.00142 0.19256 0.655317
3600 1.00142 0.0424457 0.709888
3700 1.00142 0.202357 0.722858
3800 1.00142 0.257862 0.713187
3900 1.00142 0.238223 0.66997
4000 1.00142 0.121393 0.600559
4100 1.00142 0.0547229 0.644987
4200 1.00142 0.144034 0.647345
4300 1.00142 0.208938 0.618416
4400 1.00142 0.290677 0.7384
4500 1.00142 0.163138 0.756461
4600 1.00142 0.17202 0.672581
4700 1.00142 0.199763 0.733829
4800 1.00142 0.088122 0.623755
4900 1.00142 0.0970243 0.644241
5000 1.00142 0.120183 0.70257
5100 1.00142 0.230155 0.707412
5200 1.00142 0.278376 0.771965
5300 1.00142 0.0632325 0.758191
5400 1.00142 0.197727 0.729965
5500 1.00142 0.12667 0.652356
5600 1.00142 0.35223 0.762907
5700 1.00142 0.306766 0.723379
5800 1.00142 0.263569 0.740763
5900 1.00142 0.229329 0.641985
6000 1.0036 0.223558 0.74908
6100 1.0036 0.231178 0.729415
6200 1.0036 0.184233 0.709521
6300 1.0036 0.230981 0.730489
6400 1.0036 0.195661 0.716288
6500 1.0036 0.135086 0.674221
6600 1.0036 0.271668 0.701868
6700 1.0036 0.255574 0.756667
6800 1.0036 0.203157 0.786737
6900 1.0036 0.161198 0.723398
7000 1.0036 0.0794446 0.730263
7100 1.0036 0.166515 0.707253
7200 1.0036 0.0809768 0.702633
7300 1.0036 0.142115 0.73117
7400 1.0036 0.162905 0.747321
7500 1.0036 0.133939 0.69383
7600 1.0036 0.235667 0.725632
7700 1.0036 0.0758339 0.622239
7800 1.0036 0.279483 0.676483
7900 1.0036 0.120866 0.639572
8000 1.0036 0.20777 0.703725
8100 1.0036 0.179766 0.753584
8200 1.0036 0.123053 0.738081
8300 1.0036 0.11117 0.642477
8400 1.0036 0.235228 0.75888
8500 1.0036 0.0598325 0.67848
8600 1.0036 0.200143 0.731244
8700 1.0036 0.173559 0.68453
8800 1.0036 0.136081 0.648649
8900 1.0036 0.103749 0.692052
9000 1.0036 0.0369277 0.643328
9100 1.0036 0.20368 0.653831
9200 1.0036 0.200982 0.708346
9300 1.0036 0.115339 0.690152
9400 1.0036 0.238197 0.697669
9500 1.0036 0.197485 0.743113
9600 1.0036 0.0730636 0.667474
9700 1.0036 0.266342 0.723426
9800 1.0036 0.0930436 0.744392
9900 1.0036 0.185794 0.804517
10000 1.0036 0.235745 0.690599
