0 0.619299 0 0.26795
100 0.985703 0.174731 0.747765
200 0.986289 0.126335 0.680372
300 0.986289 0.229493 0.685475
400 0.986289 0.123774 0.678991
500 0.987663 0.0987102 0.625211
600 0.987663 0.0472301 0.685364
700 0.99508 0.135564 0.714935
800 0.99508 0.183423 0.700932
900 0.996885 0.188737 0.723344
1000 0.996885 0.189971 0.748476
1100 0.996885 0.217619 0.738864
1200 0.996885 0.268691 0.699392
1300 0.996885 0.216099 0.657874
1400 0.996885 0.153661 0.775324
1500 0.996885 0.259819 0.726635
1600 0.996885 0.0361366 0.592446
1700 0.996885 0.0557424 0.650382
1800 0.996885 0.167017 0.695097
1900 0.998649 0.296051 0.718693
2000 0.998649 0.174011 0.730511
2100 0.998649 0.144498 0.656039
2200 0.998649 0.0693354 0.706845
2300 0.998649 0.250418 0.696933
2400 0.998649 0.257259 0.686826
2500 1.00071 0.176793 0.668781
2600 1.00071 0.261804 0.73742
2700 1.00071 0.098472 0.700382
2800 1.00071 0.14095 0.731414
2900 1.00306 0.0466346 0.601369
3000 1.00306 0.269848 0.690026
3100 1.00306 0.129589 0.670341
3200 1.00306 0.0432358 0.619817
3300 1.00306 0.239258 0.665065
3400 1.00306 0.229645 0.710463
3500 1.00306 0.135055 0.655972
3600 1.00306 0.289463 0.776424
3700 1.00306 0.198451 0.711851
3800 1.00306 0.113584 0.727967
3900 1.00306 0.130343 0.643108
4000 1.00306 0.163224 0.753728
4100 1.00306 0.209997 0.705983
4200 1.00306 0.307346 0.729704
4300 1.00306 0.0636449 0.724161
4400 1.00306 0.239251 0.710777
4500 1.00306 0.213261 0.721161
4600 1.00306 0.116034 0.751681
4700 1.00306 0.104113 0.769494
4800 1.00306 0.0834399 0.681658
4900 1.00306 0.207697 0.725187
5000 1.00306 0.30507 0.75471
5100 1.00306 0.158126 0.653971
5200 1.00306 0.2222 0.713141
5300 1.00306 0.121952 0.654168
5400 1.00306 0.0652374 0.68336
5500 1.00306 0.0563307 0.714742
5600 1.00306 0.287701 0.737867
5700 1.00306 0.226496 0.732241
5800 1.00306 0.369253 0.706538
5900 1.00306 0.142833 0.708978
6000 1.00306 0.160047 0.740076
6100 1.00306 0.211836 0.717129
6200 1.00306 0.0962491 0.604539
6300 1.00306 0.278205 0.759696
6400 1.00306 0.201742 0.736794
6500 1.00306 0.247686 0.788241
6600 1.00306 0.119765 0.640168
6700 1.00306 0.0920472 0.70458
6800 1.00306 0.180009 0.715039
6900 1.00306 0.110979 0.812788
7000 1.00306 0.305637 0.751012
7100 1.00306 0.233344 0.733644
7200 1.00306 0.0819469 0.679146
7300 1.00306 0.245501 0.722129
7400 1.00306 0.191475 0.692073
7500 1.00306 0.0614489 0.718693
7600 1.00306 0.100478 0.654367
7700 1.00306 0.198922 0.713873
7800 1.00306 0.109035 0.662261
7900 1.00306 0.208183 0.658953
8000 1.00306 0.224326 0.643518
8100 1.00306 0.252141 0.771455
8200 1.00306 0.349813 0.77021
8300 1.00306 0.183932 0.675132
8400 1.00306 0.270968 0.680603
8500 1.00306 0.108095 0.714491
8600 1.00306 0.136114 0.688599
8700 1.00306 0.202688 0.675796
8800 1.00306 0.046611 0.651597
8900 1.00306 0.19181 0.709496
9000 1.00306 0.0573068 0.710257
9100 1.00306 0.1438 0.630626
9200 1.00306 0.19467 0.694776
9300 1.00306 0.12329 0.737726
9400 1.00306 0.236445 0.723777
9500 1.00306 0.115559 0.715627
9600 1.00306 0.193516 0.639431
9700 1.00306 0.163691 0.614094
9800 1.00306 0.392159 0.797902
9900 1.00306 0.14048 0.706551
10000 1.00306 0.2575 0.696914
