0 0.532019 0.0619766 0.256265
100 0.982351 0.700154 0.92892
200 0.997633 0.630154 0.9349
300 0.998398 0.645401 0.908381
400 0.998398 0.734412 0.945442
500 0.998398 0.737394 0.92697
600 0.9989 0.688722 0.928235
700 0.999016 0.755663 0.939339
800 0.999081 0.758494 0.945279
900 0.999081 0.641901 0.93101
1000 0.999081 0.746209 0.92633
1100 0.999081 0.710235 0.945737
1200 0.999081 0.729766 0.944504
1300 0.999081 0.745018 0.946654
1400 0.999081 0.750953 0.947403
1500 0.999081 0.728178 0.926594
1600 0.999081 0.69776 0.927605
1700 0.999081 0.78146 0.952189
1800 0.999081 0.732283 0.953001
1900 0.999081 0.682963 0.948983
2000 0.999081 0.688618 0.922616
2100 0.999081 0.714253 0.92705
2200 0.999081 0.618798 0.915785
2300 0.999081 0.730982 0.940219
2400 0.999081 0.679635 0.959488
2500 0.999305 0.787871 0.942449
2600 0.99987 0.622888 0.94998
2700 0.99987 0.682256 0.922492
2800 0.999872 0.783103 0.961331
2900 0.999872 0.642994 0.920855
3000 0.999872 0.626233 0.904762
3100 0.999872 0.711596 0.926896
3200 0.999872 0.790457 0.958772
3300 0.999872 0.65435 0.937501
3400 0.999872 0.581011 0.923674
3500 0.999872 0.633338 0.940316
3600 0.999872 0.689053 0.918981
3700 0.999872 0.756045 0.940956
3800 1.00008 0.637483 0.903356
3900 1.00008 0.711797 0.91285
4000 1.00024 0.493227 0.924685
4100 1.00035 0.693498 0.930298
4200 1.00035 0.754038 0.948356
4300 1.00035 0.680231 0.945071
4400 1.00062 0.694274 0.930999
4500 1.00063 0.835223 0.967898
4600 1.00063 0.700475 0.950759
4700 1.00063 0.716143 0.941183
4800 1.00063 0.722785 0.920926
4900 1.00063 0.727037 0.931714
5000 1.00063 0.709737 0.910394
5100 1.00063 0.721403 0.924097
5200 1.00063 0.669963 0.944566
5300 1.00063 0.628468 0.926875
5400 1.00063 0.678254 0.924254
5500 1.00063 0.679253 0.936176
5600 1.00063 0.633703 0.920818
5700 1.00063 0.685813 0.958836
5800 1.00063 0.689812 0.929491
5900 1.00063 0.776686 0.960328
6000 1.00063 0.750848 0.938743
6100 1.00063 0.689376 0.919079
6200 1.00063 0.695812 0.938176
6300 1.00063 0.664738 0.914219
6400 1.00063 0.716722 0.914123
6500 1.00063 0.724825 0.942688
6600 1.00063 0.674323 0.928349
6700 1.00063 0.679369 0.930272
6800 1.00063 0.72625 0.949889
6900 1.00063 0.77639 0.963559
7000 1.00063 0.688566 0.960837
7100 1.00063 0.713687 0.926391
7200 1.00063 0.744015 0.935741
7300 1.00063 0.751761 0.933508
7400 1.00063 0.777651 0.949562
7500 1.00063 0.724195 0.923952
7600 1.00063 0.72686 0.941273
7700 1.00063 0.749521 0.917945
7800 1.00063 0.659448 0.940878
7900 1.00063 0.733581 0.934015
8000 1.00063 0.787156 0.96249
8100 1.00063 0.735958 0.95063
8200 1.00063 0.623357 0.930697
8300 1.00063 0.772273 0.95442
8400 1.00063 0.661295 0.925656
8500 1.00063 0.785461 0.941878
8600 1.00063 0.763572 0.956374
8700 1.00063 0.693687 0.938936
8800 1.00063 0.609988 0.937803
8900 1.00065 0.729777 0.937304
9000 1.00068 0.643973 0.922774
9100 1.00071 0.628997 0.931856
9200 1.00071 0.608685 0.917856
9300 1.00071 0.801125 0.9619
9400 1.00071 0.667661 0.952961
9500 1.00071 0.751847 0.930997
9600 1.00071 0.757062 0.941872
9700 1.00071 0.587408 0.944558
9800 1.00071 0.744749 0.923441
9900 1.00071 0.776011 0.921951
10000 1.00071 0.68964 0.92481
