0 0.475329 0.14038 0.272277
10 0.498707 0.159432 0.284386
20 0.498707 0.197649 0.297784
30 0.502187 0.120029 0.291084
40 0.507128 0.154893 0.297583
50 0.522341 0.148881 0.309536
60 0.537945 0.153012 0.322732
70 0.537945 0.151279 0.302668
80 0.56815 0.176839 0.301885
90 0.56815 0.174975 0.308543
100 0.575114 0.118226 0.282275
110 0.575114 0.150116 0.302253
120 0.575114 0.11847 0.309481
130 0.575114 0.127858 0.32087
140 0.575114 0.143125 0.299441
150 0.595898 0.154503 0.324152
160 0.595898 0.180166 0.314887
170 0.598051 0.151899 0.316065
180 0.598051 0.106431 0.308567
190 0.598051 0.184971 0.330873
200 0.598051 0.158918 0.309744
210 0.598051 0.158027 0.313611
220 0.605243 0.0973195 0.305491
230 0.605243 0.141012 0.311616
240 0.617093 0.175752 0.341201
250 0.617093 0.204701 0.337878
260 0.617093 0.198156 0.33727
270 0.620012 0.187575 0.32568
280 0.620012 0.180599 0.339578
290 0.63897 0.195858 0.348097
300 0.643372 0.225507 0.348523
310 0.643372 0.180047 0.335327
320 0.643372 0.205526 0.359085
330 0.643372 0.170986 0.356361
340 0.657316 0.132689 0.363079
350 0.657316 0.212387 0.370922
360 0.677088 0.200181 0.376516
370 0.679765 0.175822 0.3323
380 0.681465 0.146492 0.317631
390 0.681465 0.145423 0.317968
400 0.681465 0.168191 0.390374
410 0.693535 0.229351 0.359104
420 0.694747 0.20763 0.360564
430 0.694747 0.170892 0.355329
440 0.694747 0.206342 0.354771
450 0.694747 0.164568 0.3609
460 0.694747 0.197169 0.383692
470 0.694747 0.16227 0.352645
480 0.695984 0.187358 0.361987
490 0.695984 0.191016 0.373649
500 0.695984 0.164049 0.356057
510 0.70596 0.20662 0.349481
520 0.70596 0.165319 0.325217
530 0.70596 0.187605 0.33981
540 0.713528 0.223538 0.471426
550 0.713528 0.3102 0.446222
560 0.713528 0.226359 0.425552
570 0.713528 0.191833 0.375044
580 0.732701 0.220102 0.35852
590 0.7558 0.219427 0.410077
600 0.756505 0.263161 0.44737
610 0.756505 0.199447 0.392447
620 0.756505 0.179819 0.407279
630 0.756505 0.222357 0.404865
640 0.756505 0.22358 0.406537
650 0.756505 0.246919 0.372652
660 0.756505 0.170391 0.355357
670 0.756505 0.182696 0.358921
680 0.756505 0.186748 0.385997
690 0.756505 0.214302 0.416276
700 0.756505 0.227075 0.379543
710 0.756505 0.237479 0.370583
720 0.756505 0.168825 0.351584
730 0.756505 0.194079 0.372352
740 0.756505 0.204681 0.383353
750 0.766219 0.18903 0.401594
760 0.766219 0.277848 0.426997
770 0.767974 0.183885 0.38911
780 0.767974 0.19499 0.391668
790 0.777507 0.24997 0.460872
800 0.790677 0.281757 0.46641
810 0.790677 0.194474 0.405837
820 0.825351 0.199084 0.398771
830 0.825351 0.233884 0.40131
840 0.825351 0.18941 0.443255
850 0.825351 0.177377 0.370915
860 0.825351 0.198166 0.410418
870 0.825351 0.19314 0.397384
880 0.825351 0.20543 0.406022
890 0.825351 0.234811 0.407046
900 0.825351 0.246525 0.437629
910 0.825351 0.239564 0.472241
920 0.825351 0.259724 0.456982
930 0.825351 0.219184 0.430074
940 0.825351 0.191631 0.422161
950 0.825351 0.248654 0.454305
960 0.826729 0.286972 0.487455
970 0.826729 0.24329 0.433876
980 0.826729 0.214663 0.448382
990 0.826729 0.283064 0.444926
1000 0.826729 0.175534 0.417141
1010 0.826729 0.176579 0.375413
1020 0.826729 0.201481 0.436715
1030 0.826729 0.184401 0.481703
1040 0.826729 0.257795 0.421873
1050 0.826729 0.239084 0.418988
1060 0.826793 0.195665 0.404167
1070 0.826793 0.233113 0.440204
1080 0.833265 0.24802 0.442294
1090 0.833265 0.210117 0.420979
1100 0.833265 0.262457 0.469966
1110 0.866305 0.296924 0.49664
1120 0.866305 0.217778 0.480859
1130 0.866305 0.214846 0.459909
1140 0.866305 0.281056 0.495486
1150 0.866305 0.298658 0.437518
1160 0.866305 0.196445 0.429326
1170 0.866305 0.228238 0.429015
1180 0.869967 0.275273 0.485495
1190 0.869967 0.201202 0.411273
1200 0.869967 0.205278 0.435359
1210 0.869967 0.241375 0.445963
1220 0.869967 0.280547 0.476046
1230 0.873497 0.272806 0.447502
1240 0.873497 0.297867 0.506374
1250 0.873497 0.279177 0.521856
1260 0.873497 0.321627 0.506226
1270 0.873497 0.180874 0.497704
1280 0.873497 0.292362 0.528027
1290 0.873497 0.263198 0.482912
1300 0.909826 0.297448 0.509228
1310 0.909826 0.29908 0.506611
1320 0.909826 0.283336 0.536297
1330 0.909826 0.270947 0.508096
1340 0.909826 0.323875 0.474592
1350 0.909826 0.225275 0.438469
1360 0.917516 0.213039 0.506001
1370 0.917516 0.316257 0.491752
1380 0.917516 0.205279 0.486564
1390 0.917516 0.333359 0.508235
1400 0.917516 0.330651 0.516562
1410 0.917516 0.258129 0.490765
1420 0.917516 0.361616 0.505913
1430 0.917516 0.233396 0.440005
1440 0.917516 0.187103 0.368432
1450 0.923131 0.216887 0.445096
1460 0.923131 0.214497 0.45974
1470 0.923131 0.183775 0.377381
1480 0.923131 0.206008 0.367885
1490 0.923131 0.221252 0.407372
1500 0.923131 0.238923 0.434086
1510 0.923131 0.319545 0.52152
1520 0.923131 0.309116 0.489989
1530 0.923131 0.277637 0.479597
1540 0.923131 0.323132 0.507398
1550 0.923131 0.201138 0.49516
1560 0.923131 0.295993 0.521172
1570 0.923131 0.306204 0.516233
1580 0.924469 0.249805 0.491496
1590 0.924469 0.313434 0.526822
1600 0.924469 0.265111 0.444751
1610 0.924469 0.258847 0.504044
1620 0.924469 0.261027 0.480503
1630 0.924469 0.274731 0.499727
1640 0.924469 0.301899 0.520643
1650 0.924469 0.336727 0.550543
1660 0.925842 0.266102 0.470471
1670 0.925842 0.281855 0.471329
1680 0.925842 0.251906 0.506907
1690 0.925842 0.340722 0.547119
1700 0.925842 0.221984 0.466763
1710 0.925842 0.16858 0.397051
1720 0.926579 0.310433 0.498739
1730 0.926579 0.247998 0.448229
1740 0.926579 0.275999 0.443311
1750 0.926579 0.296994 0.453444
1760 0.926579 0.276366 0.469064
1770 0.926579 0.306661 0.492287
1780 0.926579 0.210066 0.490763
1790 0.926579 0.257637 0.483693
1800 0.940457 0.292116 0.531837
1810 0.940457 0.232608 0.443623
1820 0.940457 0.215549 0.442416
1830 0.940457 0.267346 0.515855
1840 0.940457 0.271888 0.456071
1850 0.940457 0.287771 0.508232
1860 0.940457 0.279494 0.498866
1870 0.941129 0.31374 0.517118
1880 0.941129 0.291283 0.531445
1890 0.941129 0.279658 0.519874
1900 0.941129 0.204705 0.503496
1910 0.941129 0.300807 0.544375
1920 0.941129 0.361727 0.558429
1930 0.941129 0.295665 0.506063
1940 0.941838 0.235187 0.502937
1950 0.941838 0.275081 0.434998
1960 0.941838 0.242336 0.448904
1970 0.941838 0.17977 0.428774
1980 0.941838 0.336911 0.568752
1990 0.941838 0.317563 0.509281
2000 0.941838 0.268748 0.460308
