0 0.651166 0.0223779 0.295311
100 0.981883 0.117974 0.698524
200 0.981883 0.201281 0.631841
300 0.981883 0.10187 0.700122
400 0.981883 0.073137 0.680805
500 0.981883 0.0234816 0.648025
600 0.981883 0.166498 0.650069
700 0.981883 0.167601 0.653518
800 0.981883 0.228093 0.736268
900 0.981883 0.107464 0.594117
1000 0.981883 0.127517 0.659468
1100 0.981883 0.235631 0.710565
1200 0.981883 0.199191 0.737704
1300 0.981883 0.155355 0.700022
1400 0.981883 0.1989 0.692019
1500 0.981883 0.282977 0.767679
1600 0.981883 0.230698 0.680458
1700 0.981883 0.160189 0.629981
1800 0.981883 0.167195 0.622051
1900 0.981883 0.0862332 0.697139
2000 0.981883 0.0217193 0.666683
2100 0.981883 0.226265 0.751526
2200 0.981883 0.149155 0.734619
2300 0.981883 0.164906 0.693325
2400 0.991607 0.17643 0.709925
2500 0.991607 0.0580101 0.742559
2600 0.991607 0.320711 0.771217
2700 0.991607 0.236711 0.676278
2800 0.996708 0.203055 0.792193
2900 0.996708 0.209746 0.69913
3000 0.999297 0.18146 0.687719
3100 0.999297 0.225786 0.711271
3200 0.999297 0.272399 0.733703
3300 0.999297 0.270095 0.69099
3400 0.999297 0.205246 0.710424
3500 0.999297 0.203784 0.743094
3600 0.999297 0.1529 0.789833
3700 1.00214 0.0792141 0.697047
3800 1.00214 0.153586 0.738695
3900 1.00315 0.0363556 0.660726
4000 1.00315 0.0571525 0.740516
4100 1.00315 0.11657 0.68452
4200 1.00352 0.329186 0.732052
4300 1.00352 0.111241 0.746606
4400 1.00352 0.1304 0.577793
4500 1.00352 0.284796 0.823394
4600 1.00352 0.0599756 0.686492
4700 1.00352 0.171553 0.73737
4800 1.00352 0.238196 0.658617
4900 1.00352 0.167328 0.716931
5000 1.00352 0.196629 0.714216
5100 1.00352 0.236988 0.758014
5200 1.00352 0.110229 0.735192
5300 1.00352 0.24629 0.703273
5400 1.00352 0.0762191 0.748446
5500 1.00352 0.172199 0.714338
5600 1.00352 0.185018 0.689901
5700 1.00352 0.238683 0.702062
5800 1.00352 0.263069 0.743367
5900 1.00352 0.184455 0.79571
6000 1.00352 0.134989 0.668048
6100 1.00352 0.162386 0.707712
6200 1.00352 0.0566682 0.697785
6300 1.00352 0.187772 0.686931
6400 1.00352 0.238862 0.741174
6500 1.00352 0.0772784 0.664564
6600 1.00352 0.0539872 0.650074
6700 1.00352 0.0862382 0.700775
6800 1.00352 0.141801 0.650525
6900 1.00352 0.100615 0.664969
7000 1.00352 0.220142 0.686424
7100 1.00352 0.154492 0.668656
7200 1.00352 0.0572008 0.696318
7300 1.00515 0.179356 0.685578
7400 1.00515 0.173211 0.744953
7500 1.00515 0.0980189 0.708978
7600 1.00515 0.190097 0.664408
7700 1.00525 0.18834 0.769525
7800 1.00525 0.13047 0.661987
7900 1.00525 0.210376 0.743977
8000 1.00525 0.140047 0.667771
8100 1.00525 0.232583 0.701893
8200 1.00525 0.183745 0.666772
8300 1.00525 0.215083 0.710166
8400 1.00525 0.206129 0.771673
8500 1.00525 0.0896653 0.717652
8600 1.00525 0.198182 0.740908
8700 1.00525 0.168214 0.689139
8800 1.00525 0.142073 0.701226
8900 1.00525 0.167638 0.731744
9000 1.00525 0.171437 0.691681
9100 1.00525 0.199935 0.715764
9200 1.00525 0.279388 0.747207
9300 1.00525 0.258115 0.724283
9400 1.00525 0.185455 0.74929
9500 1.00525 0.264155 0.753473
9600 1.00525 0.262693 0.690565
9700 1.00525 0.0983546 0.691862
9800 1.00525 0.310265 0.715957
9900 1.00525 0.0901387 0.639314
10000 1.00525 0.138499 0.71162
