0 0.467829 0.0971563 0.268814
100 0.984579 0.660261 0.922061
200 0.998991 0.735174 0.929412
300 0.999287 0.668924 0.930862
400 0.999287 0.692081 0.946654
500 0.999287 0.781929 0.941341
600 0.999287 0.729679 0.907354
700 0.999287 0.728806 0.960673
800 0.999287 0.787739 0.952458
900 0.999287 0.714243 0.952123
1000 0.999287 0.643929 0.940035
1100 0.999287 0.703339 0.92769
1200 0.999287 0.79732 0.97045
1300 0.999287 0.809491 0.953785
1400 0.999287 0.817493 0.965239
1500 0.999287 0.734517 0.935128
1600 0.999287 0.649684 0.948713
1700 0.99946 0.684934 0.940544
1800 0.99946 0.72604 0.956569
1900 0.99946 0.717175 0.949539
2000 0.99946 0.73301 0.91713
2100 0.99946 0.701786 0.914382
2200 0.99946 0.6627 0.922753
2300 0.99946 0.79105 0.953968
2400 0.99946 0.709945 0.910513
2500 0.999765 0.685603 0.93855
2600 0.999881 0.614132 0.927973
2700 0.999881 0.765915 0.931421
2800 0.999881 0.728466 0.930543
2900 0.999881 0.763557 0.955218
3000 1.00019 0.660876 0.947381
3100 1.00027 0.714887 0.911082
3200 1.00041 0.680822 0.925234
3300 1.00048 0.771052 0.939107
3400 1.00063 0.630814 0.928886
3500 1.00064 0.545747 0.924125
3600 1.00078 0.709572 0.934481
3700 1.00078 0.830059 0.95089
3800 1.00078 0.74398 0.952974
3900 1.00078 0.719439 0.949596
4000 1.00078 0.642594 0.909484
4100 1.00078 0.758432 0.929607
4200 1.00078 0.72344 0.960565
4300 1.00078 0.705646 0.955793
4400 1.00078 0.697614 0.953653
4500 1.00078 0.717168 0.934384
4600 1.00078 0.680171 0.915414
4700 1.00079 0.672335 0.93105
4800 1.00106 0.750806 0.962554
4900 1.00106 0.581856 0.900044
5000 1.00106 0.736303 0.939167
5100 1.00106 0.740508 0.957188
5200 1.00106 0.64884 0.929232
5300 1.00106 0.708945 0.955858
5400 1.00106 0.728124 0.934602
5500 1.00106 0.641643 0.940605
5600 1.00106 0.720931 0.94135
5700 1.0014 0.688783 0.944288
5800 1.00143 0.631415 0.915962
5900 1.00144 0.692901 0.919628
6000 1.00144 0.608014 0.910828
6100 1.00144 0.692713 0.936473
6200 1.00144 0.585405 0.937932
6300 1.00144 0.632176 0.920966
6400 1.00144 0.686218 0.938587
6500 1.00144 0.753042 0.941855
6600 1.00144 0.697764 0.951781
6700 1.00144 0.773135 0.969954
6800 1.00144 0.668396 0.932115
6900 1.00144 0.754179 0.934875
7000 1.00144 0.72452 0.914437
7100 1.00144 0.672184 0.933258
7200 1.00144 0.730401 0.948624
7300 1.00144 0.716308 0.932401
7400 1.00144 0.724141 0.946568
7500 1.00144 0.704542 0.927248
7600 1.00144 0.657055 0.939883
7700 1.00144 0.715838 0.932915
7800 1.00144 0.551183 0.934003
7900 1.00144 0.683409 0.919848
8000 1.00144 0.737102 0.947387
8100 1.00144 0.666165 0.930895
8200 1.00144 0.651544 0.931896
8300 1.00144 0.754386 0.937703
8400 1.00144 0.67701 0.93383
8500 1.00144 0.756141 0.952095
8600 1.00144 0.632767 0.936915
8700 1.00144 0.763779 0.958911
8800 1.00144 0.680849 0.958831
8900 1.00144 0.707008 0.931007
9000 1.00144 0.661399 0.934376
9100 1.00144 0.68606 0.936791
9200 1.00144 0.715876 0.934
9300 1.00144 0.816893 0.958702
9400 1.00144 0.769153 0.941579
9500 1.00144 0.789175 0.966547
9600 1.00144 0.670055 0.917991
9700 1.00144 0.698128 0.944069
9800 1.00144 0.726614 0.940218
9900 1.00144 0.779099 0.929181
10000 1.00144 0.692986 0.951006
