0 0.465524 0.110613 0.286116
100 0.980983 0.743463 0.937018
200 0.993762 0.642867 0.921674
300 0.998911 0.73055 0.947578
400 0.999343 0.654671 0.927419
500 0.999376 0.72935 0.95196
600 0.999433 0.750383 0.929837
700 0.999433 0.733116 0.938642
800 0.999433 0.703716 0.933861
900 0.999433 0.769113 0.926076
1000 0.999433 0.610077 0.926787
1100 0.999433 0.735145 0.926999
1200 0.999609 0.673132 0.943189
1300 1.00036 0.730362 0.939638
1400 1.00036 0.730731 0.950203
1500 1.00036 0.616931 0.919212
1600 1.00036 0.648379 0.920004
1700 1.00036 0.788792 0.955222
1800 1.00036 0.737052 0.938302
1900 1.00036 0.659109 0.919388
2000 1.00036 0.797625 0.955783
2100 1.00036 0.697993 0.936772
2200 1.00036 0.752102 0.953375
2300 1.00036 0.797068 0.942635
2400 1.00036 0.646453 0.909824
2500 1.00036 0.647059 0.920525
2600 1.00036 0.713908 0.940817
2700 1.00036 0.609789 0.932212
2800 1.00036 0.644789 0.893147
2900 1.00036 0.674016 0.936138
3000 1.00036 0.712334 0.905768
3100 1.00036 0.67198 0.9234
3200 1.00036 0.698393 0.933793
3300 1.00036 0.661959 0.90885
3400 1.00036 0.734703 0.930672
3500 1.00036 0.726612 0.954284
3600 1.00036 0.771407 0.95931
3700 1.00036 0.682665 0.945521
3800 1.00036 0.620194 0.904485
3900 1.00036 0.712942 0.94296
4000 1.00036 0.678462 0.911095
4100 1.00036 0.736956 0.956466
4200 1.00036 0.798016 0.965479
4300 1.00036 0.703916 0.927594
4400 1.00036 0.702929 0.924697
4500 1.00036 0.717875 0.934192
4600 1.00036 0.689171 0.940245
4700 1.00036 0.728015 0.947251
4800 1.00036 0.585198 0.946425
4900 1.00036 0.709071 0.914092
5000 1.00036 0.7663 0.931442
5100 1.00036 0.670012 0.934983
5200 1.00036 0.679088 0.92484
5300 1.00036 0.797282 0.951305
5400 1.00036 0.787107 0.925156
5500 1.00036 0.712221 0.94433
5600 1.00036 0.628552 0.922123
5700 1.00036 0.629995 0.948512
5800 1.00036 0.592176 0.918857
5900 1.00036 0.687448 0.921848
6000 1.00036 0.752108 0.935705
6100 1.00036 0.697451 0.941302
6200 1.00036 0.744067 0.943091
6300 1.00036 0.637672 0.909149
6400 1.00037 0.798567 0.957222
6500 1.00037 0.773567 0.94414
6600 1.00041 0.694009 0.921072
6700 1.00077 0.746528 0.932905
6800 1.00077 0.72065 0.960083
6900 1.00077 0.712196 0.947238
7000 1.00077 0.63636 0.928454
7100 1.00077 0.699084 0.924785
7200 1.00077 0.707362 0.953833
7300 1.00077 0.596994 0.950471
7400 1.00078 0.693621 0.927238
7500 1.00078 0.624347 0.920301
7600 1.00078 0.684067 0.938534
7700 1.00078 0.741847 0.934186
7800 1.00087 0.659988 0.946483
7900 1.00089 0.695883 0.950113
8000 1.00089 0.661561 0.948976
8100 1.00089 0.6926 0.943595
8200 1.00089 0.778484 0.941191
8300 1.00089 0.709484 0.921959
8400 1.00089 0.647344 0.937214
8500 1.00089 0.739075 0.929506
8600 1.00089 0.705569 0.927204
8700 1.00089 0.717776 0.940173
8800 1.00089 0.656676 0.935135
8900 1.00089 0.774516 0.953176
9000 1.00089 0.707033 0.929853
9100 1.00089 0.785069 0.968378
9200 1.00089 0.714225 0.945784
9300 1.00089 0.7242 0.934224
9400 1.00089 0.765185 0.924337
9500 1.00089 0.686657 0.923469
9600 1.00089 0.776734 0.940905
9700 1.00089 0.715164 0.945274
9800 1.00089 0.741137 0.948706
9900 1.00089 0.754843 0.952394
10000 1.00089 0.694351 0.94172
