0 0.670898 0.0180073 0.251684
10 0.823557 0.273971 0.646748
20 0.987313 0.300261 0.779314
30 0.987313 0.399022 0.862809
40 0.987313 0.247617 0.696518
50 0.987313 0.403581 0.844112
60 0.987313 0.406152 0.826729
70 0.987313 0.345956 0.791011
80 0.987313 0.29579 0.817867
90 0.987313 0.330626 0.760815
100 0.987313 0.205079 0.8034
110 0.987313 0.381018 0.814393
120 0.987313 0.570637 0.941541
130 0.987313 0.318054 0.828007
140 0.987313 0.263979 0.764804
150 0.987313 0.387206 0.820011
160 0.987313 0.12668 0.796017
170 0.987313 0.207906 0.886583
180 0.987313 0.290441 0.789547
190 0.987313 0.380708 0.821305
200 0.987313 0.291372 0.840212
210 0.987313 0.388592 0.82692
220 0.987313 0.180079 0.802716
230 0.987313 0.449365 0.883696
240 0.987313 0 0.782347
250 0.987313 0.253454 0.881115
260 0.987313 0.162897 0.722094
270 0.987313 0.316851 0.763807
280 0.987313 0.293548 0.796664
290 0.987313 0.449999 0.845781
300 0.987313 0.366772 0.7803
310 0.987313 0.300149 0.792483
320 0.987313 0.378433 0.805595
330 0.987313 0.142243 0.795573
340 0.987313 0.504904 0.875933
350 0.987313 0.330447 0.875745
360 0.987313 0.254777 0.79316
370 0.987313 0.432169 0.823579
380 0.987313 0.280066 0.843014
390 0.987313 0.294482 0.859148
400 0.987313 0.237354 0.756366
410 0.987313 0.301172 0.773859
420 0.987313 0.463355 0.845328
430 0.987313 0.291589 0.851227
440 0.987313 0.463355 0.885049
450 0.987313 0.185583 0.710573
460 0.987313 0.338065 0.915076
470 0.987313 0.373732 0.758282
480 0.987313 0.419535 0.8647
490 0.987313 0.193099 0.790068
500 0.987313 0.224808 0.776236
510 0.987313 0.300448 0.814022
520 0.987313 0.373949 0.849306
530 0.987313 0.417096 0.767541
540 0.987313 0.46948 0.894179
550 0.987313 0.184134 0.775957
560 0.987313 0.245693 0.82397
570 0.987313 0.271723 0.724052
580 0.987313 0.408102 0.785169
590 0.987313 0.3567 0.829504
600 0.987313 0.351504 0.843407
610 0.987313 0.341255 0.703145
620 0.987313 0.385425 0.85105
630 0.987313 0.193258 0.757252
640 0.987313 0.395072 0.711719
650 0.987313 0.218315 0.724035
660 0.987313 0.161097 0.812112
670 0.987313 0.317188 0.803561
680 0.987313 0.454972 0.868034
690 0.987313 0.539353 0.85833
700 0.987313 0.213265 0.74947
710 0.987313 0.320688 0.832709
720 0.987313 0.370769 0.865667
730 0.987313 0.193257 0.82761
740 0.987313 0.325521 0.825641
750 0.987313 0.304465 0.739912
760 0.987443 0.34771 0.741919
770 0.987443 0.196419 0.775499
780 0.987443 0.406 0.88432
790 0.987443 0.518573 0.8123
800 0.987443 0.0587246 0.794786
810 0.987443 0.394554 0.776014
820 0.987443 0.241595 0.782874
830 0.987443 0.181134 0.74948
840 0.987443 0.212452 0.755041
850 0.987443 0.326574 0.803832
860 0.987443 0.198984 0.797388
870 0.987443 0.263378 0.726023
880 0.987443 0.231905 0.72477
890 0.987443 0.351544 0.79591
900 0.987443 0.277548 0.734146
910 0.987443 0.18713 0.672218
920 0.987443 0.374671 0.717664
930 0.987443 0.333031 0.741649
940 0.987443 0.230881 0.756928
950 0.987443 0.376827 0.826925
960 0.987443 0.19941 0.709855
970 0.987443 0.473412 0.832187
980 0.987443 0.469713 0.832617
990 0.987443 0.336822 0.884962
1000 0.987443 0.354207 0.833146
1010 0.987443 0.194798 0.812554
1020 0.987443 0.268539 0.726003
1030 0.987443 0.310439 0.813138
1040 0.987443 0.380198 0.81526
1050 0.987443 0.545867 0.888735
1060 0.987443 0.433276 0.845806
1070 0.987443 0.206305 0.759009
1080 0.987443 0.319639 0.862143
1090 0.987443 0.470389 0.843476
1100 0.987443 0.387604 0.747748
1110 0.987443 0.277379 0.818408
1120 0.987443 0.310439 0.785836
1130 0.987443 0.515764 0.86927
1140 0.987443 0.295222 0.847252
1150 0.987443 0.367604 0.877788
1160 0.987443 0.401693 0.797014
1170 0.987443 0.264153 0.838274
1180 0.987443 0.253458 0.814399
1190 0.987443 0.470389 0.897083
1200 0.987443 0.450819 0.868884
1210 0.987443 0.38233 0.773974
1220 0.987443 0.154237 0.704384
1230 0.987443 0.0709488 0.73634
1240 0.987443 0.403712 0.809156
1250 0.987443 0.463486 0.815179
1260 0.987443 0.232035 0.803318
1270 0.987443 0.313118 0.79016
1280 0.987443 0.277379 0.776136
1290 0.987443 0.218293 0.712604
1300 0.987443 0.371369 0.820196
1310 0.987443 0.377993 0.82747
1320 0.987443 0.407566 0.834454
1330 0.987443 0.42651 0.823712
1340 0.987443 0.380536 0.791344
1350 0.987443 0.148131 0.731568
1360 0.987443 0.381993 0.825267
1370 0.987443 0.473412 0.844481
1380 0.987443 0.341105 0.85949
1390 0.987443 0.178719 0.658682
1400 0.987443 0.182751 0.698076
1410 0.987443 0.175344 0.837233
1420 0.987443 0.267997 0.775164
1430 0.987443 0.349449 0.811964
1440 0.987443 0.316858 0.806787
1450 0.987443 0.448635 0.866362
1460 0.987443 0.422255 0.74891
1470 0.987443 0.0744207 0.711324
1480 0.987443 0.27817 0.787214
1490 0.987443 0.373684 0.775934
1500 0.987443 0.273945 0.784015
1510 0.987443 0.515764 0.846974
1520 0.987443 0.224939 0.755431
1530 0.987443 0.300954 0.788873
1540 0.987443 0.335894 0.821955
1550 0.987443 0.211721 0.774128
1560 0.987443 0.310625 0.856685
1570 0.987443 0.287612 0.835862
1580 0.987443 0.358742 0.792722
1590 0.987443 0.185964 0.894832
1600 0.987443 0.0663185 0.731884
1610 0.987443 0.310347 0.862662
1620 0.987443 0.129233 0.728937
1630 0.987443 0.230363 0.814814
1640 0.987443 0.299391 0.841047
1650 0.987443 0.387558 0.844193
1660 0.987443 0.236128 0.762371
1670 0.987443 0.126669 0.824179
1680 0.987443 0.255146 0.781972
1690 0.987443 0.143684 0.808222
1700 0.987443 0.441751 0.898783
1710 0.987443 0.33757 0.768948
1720 0.987443 0.252794 0.719711
1730 0.987443 0.281204 0.752855
1740 0.987443 0.233545 0.754531
1750 0.987443 0.286998 0.806079
1760 0.987443 0.380985 0.767816
1770 0.987443 0.370447 0.798008
1780 0.987443 0.468753 0.912054
1790 0.987443 0.182772 0.813653
1800 0.987443 0.416604 0.774986
1810 0.987443 0.319012 0.843421
1820 0.987443 0.469023 0.910977
1830 0.987443 0.173731 0.723983
1840 0.987443 0.0910502 0.730744
1850 0.987443 0.382619 0.838563
1860 0.987443 0.293423 0.862909
1870 0.987443 0.0677867 0.694821
1880 0.987443 0.243589 0.747516
1890 0.987443 0.299066 0.78362
1900 0.987443 0.315779 0.919482
1910 0.987443 0.405579 0.792909
1920 0.987443 0.250343 0.828236
1930 0.987443 0.119569 0.856446
1940 0.987443 0.16217 0.806932
1950 0.987443 0.395638 0.756989
1960 0.987443 0.367604 0.888229
1970 0.987443 0.366397 0.835487
1980 0.987443 0.284057 0.776776
1990 0.987443 0.250432 0.743218
2000 0.987443 0.38863 0.792792
2010 0.987443 0.199792 0.810337
2020 0.987443 0.451854 0.784993
2030 0.987443 0.267163 0.822767
2040 0.987443 0.463486 0.822562
2050 0.987443 0.350183 0.843065
2060 0.987443 0.31239 0.773139
2070 0.987443 0.286594 0.799065
2080 0.987443 0.213672 0.755748
2090 0.987443 0.35447 0.750162
2100 0.987443 0.376827 0.823854
2110 0.987443 0.444939 0.816447
2120 0.987443 0.331472 0.783058
2130 0.987443 0.40331 0.834367
2140 0.987443 0.266201 0.80384
2150 0.987443 0.253752 0.753335
2160 0.987443 0.397651 0.859963
2170 0.987443 0.267351 0.7511
2180 0.987443 0.256892 0.807778
2190 0.987443 0.107979 0.721314
2200 0.987443 0.229304 0.801364
2210 0.987443 0.52547 0.849005
2220 0.987443 0.0753038 0.819683
2230 0.987443 0.448976 0.815584
2240 0.987443 0.361014 0.817837
2250 0.987443 0.411381 0.856088
2260 0.987443 0.357718 0.771389
2270 0.987443 0.289369 0.781268
2280 0.987443 0.320936 0.748801
2290 0.987443 0.325092 0.845383
2300 0.987443 0.348743 0.816026
2310 0.987443 0.211874 0.73344
2320 0.987443 0.263743 0.769491
2330 0.987443 0.392436 0.843922
2340 0.987443 0.132774 0.720219
2350 0.987443 0.249414 0.770434
2360 0.987443 0.470389 0.88919
2370 0.987443 0.466321 0.798382
2380 0.987443 0.304364 0.825604
2390 0.987443 0.310625 0.8339
2400 0.987443 0.201075 0.630332
2410 0.987443 0.31488 0.836108
2420 0.987443 0.368727 0.800614
2430 0.987443 0.184898 0.745721
2440 0.987443 0.324239 0.847305
2450 0.987443 0.470389 0.914497
2460 0.987443 0.52547 0.898303
2470 0.987443 0.320744 0.789373
2480 0.987443 0.174444 0.780939
2490 0.987443 0.483116 0.853341
2500 0.987443 0.355004 0.703654
2510 0.987443 0.418125 0.802097
2520 0.987443 0.381877 0.831034
2530 0.987443 0.119569 0.896027
2540 0.987443 0.304215 0.85643
2550 0.987443 0.355478 0.845
2560 0.987443 0.137404 0.768026
2570 0.987443 0.346707 0.848197
2580 0.987443 0.229876 0.76249
2590 0.987443 0.266096 0.794997
2600 0.987443 0.312732 0.75627
2610 0.987443 0.265813 0.804142
2620 0.987443 0.410146 0.76969
2630 0.987443 0.282679 0.797186
2640 0.987443 0.315971 0.72387
2650 0.987443 0.188385 0.773721
2660 0.987443 0.355146 0.876865
2670 0.987443 0.397515 0.761956
2680 0.987443 0.279963 0.750227
2690 0.987443 0.410881 0.850521
2700 0.987443 0.558072 0.901965
2710 0.987443 0.290224 0.780383
2720 0.987443 0.125988 0.776633
2730 0.987443 0.308287 0.789471
2740 0.987443 0.27364 0.795962
2750 0.987443 0.362241 0.804783
2760 0.987443 0.294767 0.845971
2770 0.987443 0.245502 0.751946
2780 0.987443 0.398661 0.871148
2790 0.987443 0.260111 0.867018
2800 0.987443 0.463486 0.859184
2810 0.987443 0.142388 0.716363
2820 0.987443 0.184745 0.773234
2830 0.987443 0.260714 0.693388
2840 0.987443 0.407425 0.852878
2850 0.987443 0.326287 0.750319
2860 0.987443 0.31184 0.793184
2870 0.987443 0.428704 0.850657
2880 0.987443 0.522482 0.880354
2890 0.987443 0.144938 0.810997
2900 0.987443 0.219908 0.724475
2910 0.987443 0.341789 0.804513
2920 0.987443 0.187831 0.764925
2930 0.987443 0.466664 0.794072
2940 0.987443 0.267351 0.817564
2950 0.987443 0.201826 0.714604
2960 0.987443 0.102167 0.655331
2970 0.987443 0.201688 0.747835
2980 0.987443 0.522482 0.826087
2990 0.987443 0.423241 0.842907
3000 0.987443 0.143728 0.782203
