0 0.562386 0.0240669 0.251734
100 0.95705 0.274065 0.726395
200 0.95705 0.210983 0.620763
300 0.997806 0.0232401 0.630153
400 0.997806 0.120614 0.707077
500 0.997806 0.10855 0.751388
600 0.997806 0.115848 0.655638
700 0.997806 0.145903 0.685176
800 0.997806 0.211878 0.678913
900 0.997806 0.257033 0.743931
1000 0.997806 0.193959 0.665508
1100 0.997806 0.143731 0.757745
1200 0.997806 0.0975353 0.75911
1300 0.997806 0.247297 0.735044
1400 0.997806 0.0458272 0.724197
1500 0.997806 0.075641 0.671448
1600 0.997806 0.154715 0.808648
1700 0.997806 0.224385 0.723818
1800 0.997806 0.206451 0.771544
1900 0.997806 0.165139 0.621326
2000 0.997806 0.180662 0.762143
2100 0.997806 0.201755 0.784599
2200 0.997806 0.0543039 0.670222
2300 0.997806 0.244401 0.784686
2400 0.997806 0.0605986 0.768221
2500 0.997806 0.18567 0.749946
2600 0.997833 0.0896976 0.72507
2700 0.997833 0.0786455 0.624553
2800 0.997833 0.160428 0.671619
2900 0.997833 0.0616916 0.682898
3000 0.997833 0.097347 0.625584
3100 0.997833 0.223353 0.711958
3200 0.997833 0.125733 0.74869
3300 0.997833 0.177582 0.760794
3400 0.997833 0.273699 0.74173
3500 0.997833 0.259858 0.687638
3600 0.997833 0.242527 0.754877
3700 0.997833 0.102078 0.660281
3800 0.997833 0.223922 0.69119
3900 0.997833 0.16109 0.675962
4000 0.997833 0.27922 0.731649
4100 0.997833 0.204737 0.663049
4200 0.997833 0.155608 0.629229
4300 0.997833 0.157184 0.651752
4400 0.997833 0.243934 0.800396
4500 0.997833 0.0567222 0.643226
4600 0.997833 0.0827654 0.741233
4700 0.997833 0.268327 0.665439
4800 0.997833 0.178401 0.695783
4900 0.997833 0.0638299 0.645971
5000 0.997833 0.201871 0.680685
5100 0.997833 0.18955 0.716515
5200 0.997833 0.25116 0.72386
5300 0.997833 0.0529203 0.674196
5400 0.997833 0.207381 0.670093
5500 0.997833 0.0998394 0.646752
5600 0.997833 0.155162 0.762106
5700 0.997833 0.284305 0.685946
5800 0.997833 0.0410477 0.690962
5900 0.997833 0.0471557 0.694342
6000 0.997833 0.233382 0.744864
6100 0.997833 0.165148 0.702274
6200 0.997833 0.194363 0.635023
6300 0.997833 0.0877043 0.672182
6400 0.997833 0.0616916 0.647116
6500 0.997833 0.295728 0.74036
6600 0.997833 0.156993 0.665686
6700 0.997833 0.298762 0.758634
6800 0.997833 0.181631 0.633572
6900 0.997833 0.180697 0.642326
7000 0.997833 0.121668 0.756164
7100 1.00122 0.0877589 0.691512
7200 1.00122 0.0509425 0.65722
7300 1.00122 0.262361 0.722595
7400 1.00122 0.0663836 0.584377
7500 1.00122 0.178288 0.774662
7600 1.00122 0.18907 0.688991
7700 1.00122 0.364008 0.799509
7800 1.00122 0.221708 0.723601
7900 1.00122 0.29417 0.75039
8000 1.00122 0.195294 0.722858
8100 1.00122 0.1666 0.792141
8200 1.00122 0.201899 0.653293
8300 1.00122 0.139606 0.69639
8400 1.00122 0.0407132 0.710858
8500 1.00122 0.189158 0.69336
8600 1.00122 0.299845 0.786623
8700 1.00122 0.0173373 0.655154
8800 1.00122 0.0758537 0.667158
8900 1.00122 0.10427 0.722206
9000 1.00122 0.223309 0.772388
9100 1.00122 0.201409 0.716298
9200 1.00122 0.118204 0.67026
9300 1.00122 0.215891 0.682031
9400 1.00122 0.128589 0.660862
9500 1.00122 0.113847 0.633029
9600 1.00122 0.21028 0.752021
9700 1.00122 0.0987383 0.58079
9800 1.00122 0.177242 0.67312
9900 1.00122 0.133 0.664962
10000 1.00122 0.140856 0.650496
