0 0.613954 0 0.225778
100 0.976792 0.126637 0.639277
200 0.989218 0.0957761 0.724386
300 0.99079 0.0855389 0.642701
400 0.99079 0.240009 0.671483
500 0.99079 0.149613 0.685438
600 0.99079 0.129107 0.650381
700 0.99079 0.0178671 0.690156
800 0.99079 0.1796 0.791374
900 0.99079 0.269784 0.685433
1000 0.99079 0.155218 0.684578
1100 0.99079 0.0931062 0.598482
1200 0.99079 0.0674873 0.695076
1300 0.99079 0.0456108 0.733479
1400 0.99079 0.173292 0.727005
1500 0.99079 0.194949 0.701412
1600 0.99079 0.0604431 0.734749
1700 0.99079 0.03345 0.665808
1800 0.99079 0.261147 0.657685
1900 0.99079 0.232978 0.724654
2000 0.99079 0.282689 0.714598
2100 0.99079 0.190854 0.749278
2200 0.99079 0.19746 0.775455
2300 0.99079 0.0398588 0.694272
2400 0.99079 0.155938 0.69054
2500 0.99079 0.188581 0.699857
2600 0.99079 0.2268 0.708708
2700 0.99079 0.0375953 0.652976
2800 0.99079 0.152584 0.670435
2900 0.99079 0.261505 0.661068
3000 0.99079 0.129786 0.691153
3100 0.99079 0.155416 0.723018
3200 0.99079 0.0831906 0.656371
3300 0.99079 0.179686 0.667048
3400 0.99079 0.297172 0.689926
3500 0.99079 0.137914 0.682399
3600 0.99079 0.183492 0.702974
3700 0.99079 0.137468 0.702887
3800 0.99079 0.132457 0.65933
3900 0.99079 0.160874 0.687807
4000 0.99079 0.243097 0.74151
4100 0.99079 0.178858 0.770769
4200 0.99079 0.149992 0.668679
4300 0.99079 0.187397 0.709226
4400 0.99079 0.20148 0.733519
4500 0.99079 0.224055 0.639694
4600 0.99079 0.183972 0.678852
4700 0.99079 0.217068 0.721064
4800 0.99079 0.0441519 0.740185
4900 0.99079 0.279522 0.762576
5000 0.99079 0.256413 0.67105
5100 0.99079 0.212258 0.7151
5200 0.99079 0.208118 0.620772
5300 0.99079 0.168856 0.572341
5400 0.99079 0.138461 0.690503
5500 0.99079 0.240854 0.702234
5600 0.99079 0.228233 0.741649
5700 0.99079 0.162004 0.670012
5800 0.99079 0.227379 0.755495
5900 0.99079 0.197048 0.64762
6000 0.99079 0.0449308 0.689326
6100 0.99079 0.228549 0.701082
6200 0.99079 0.23383 0.776915
6300 0.991157 0.223804 0.709387
6400 0.991157 0.201811 0.705164
6500 0.991157 0.0505104 0.668054
6600 0.992944 0.201707 0.707995
6700 0.998534 0.185973 0.687005
6800 0.998534 0.117501 0.722572
6900 0.998534 0.185007 0.681082
7000 0.998534 0.246168 0.698231
7100 0.998534 0.177334 0.687817
7200 0.998534 0.181656 0.707899
7300 0.998534 0.144909 0.717109
7400 0.998534 0.159421 0.640338
7500 0.998534 0.216565 0.717326
7600 0.998534 0.236044 0.699201
7700 0.998534 0.144838 0.703772
7800 0.998534 0.166799 0.701785
7900 0.998534 0.130782 0.667121
8000 0.998534 0.159603 0.725604
8100 0.998534 0.160168 0.705613
8200 0.998534 0.224843 0.709672
8300 0.998534 0.172557 0.676787
8400 0.998534 0.245961 0.662285
8500 0.998534 0.0915137 0.690305
8600 0.998534 0.147025 0.706274
8700 0.998534 0.148095 0.69792
8800 0.998534 0.145003 0.691449
8900 0.998534 0.167573 0.705091
9000 0.998534 0.305975 0.77038
9100 0.998534 0.231826 0.741351
9200 0.998534 0.175024 0.684788
9300 0.998534 0.116487 0.65817
9400 0.998534 0.0951053 0.747956
9500 0.998534 0.21838 0.678862
9600 0.998534 0.107598 0.665246
9700 0.998534 0.146525 0.671668
9800 0.998534 0.0689093 0.668683
9900 0.998534 0.106453 0.68519
10000 0.998534 0.198902 0.687435
