0 0.669628 0.0143247 0.271604
100 0.988621 0.152399 0.718114
200 0.988621 0.120092 0.749807
300 0.994661 0.139601 0.623576
400 1.00235 0.12813 0.686596
500 1.00235 0.278933 0.764425
600 1.00235 0.201275 0.604978
700 1.00235 0.154617 0.690396
800 1.00235 0.153969 0.572843
900 1.00235 0.066143 0.732651
1000 1.00235 0.223077 0.712118
1100 1.00235 0.305756 0.707669
1200 1.00235 0.210987 0.698218
1300 1.00235 0.256675 0.7063
1400 1.00235 0.173645 0.713375
1500 1.00235 0.0171733 0.700425
1600 1.00235 0.181732 0.741224
1700 1.00235 0.20051 0.683088
1800 1.00235 0.235646 0.73382
1900 1.00235 0.137537 0.707121
2000 1.00235 0.256081 0.794335
2100 1.00235 0.166539 0.676078
2200 1.00235 0.12242 0.686693
2300 1.00235 0.333428 0.852354
2400 1.00235 0.105968 0.69373
2500 1.00235 0.122986 0.66744
2600 1.00235 0.235811 0.766052
2700 1.00235 0.164814 0.592435
2800 1.00235 0.21313 0.762784
2900 1.00235 0.203582 0.634846
3000 1.00235 0.126421 0.615603
3100 1.00235 0.14153 0.757676
3200 1.00235 0.100617 0.715797
3300 1.00235 0.246412 0.743514
3400 1.00235 0.1015 0.665056
3500 1.00235 0.222531 0.760636
3600 1.00235 0.0868941 0.767096
3700 1.00235 0.278243 0.766832
3800 1.00235 0.124443 0.708365
3900 1.00235 0.102256 0.716522
4000 1.00235 0.170835 0.674889
4100 1.00235 0.325204 0.763427
4200 1.00235 0.199155 0.702361
4300 1.00235 0.278706 0.656688
4400 1.00235 0.0520828 0.794534
4500 1.00235 0.0973089 0.716537
4600 1.00235 0.0894335 0.624725
4700 1.00235 0.255923 0.700701
4800 1.00235 0.233957 0.688678
4900 1.00235 0.281562 0.757816
5000 1.00235 0.0952996 0.777954
5100 1.00235 0.0737132 0.653616
5200 1.00235 0.0754854 0.710742
5300 1.00235 0.163321 0.744854
5400 1.00235 0.121164 0.695362
5500 1.00235 0.0598828 0.696544
5600 1.00235 0.20151 0.637317
5700 1.00235 0.116625 0.578518
5800 1.00235 0.269566 0.721924
5900 1.00235 0.206191 0.704607
6000 1.00235 0.186789 0.653326
6100 1.00235 0.209485 0.710538
6200 1.00235 0.162879 0.678915
6300 1.00235 0.192925 0.705601
6400 1.00235 0.22143 0.669887
6500 1.00235 0.327834 0.749361
6600 1.00235 0.241301 0.762232
6700 1.00235 0.212691 0.679247
6800 1.00235 0.283922 0.716778
6900 1.00235 0.086208 0.753074
7000 1.00235 0.145585 0.73707
7100 1.00235 0.0314979 0.616726
7200 1.00235 0.267511 0.746262
7300 1.00235 0.192489 0.72759
7400 1.00235 0.0588373 0.629205
7500 1.00235 0.225878 0.805395
7600 1.00235 0.169832 0.690681
7700 1.00235 0.226559 0.710467
7800 1.00235 0.145487 0.769861
7900 1.00235 0.283389 0.77216
8000 1.00235 0.316361 0.766839
8100 1.00235 0.162115 0.603216
8200 1.00235 0.0377273 0.657139
8300 1.00235 0.208213 0.719647
8400 1.00235 0.215396 0.691226
8500 1.00235 0.238697 0.739754
8600 1.00235 0.113569 0.647151
8700 1.00235 0.249971 0.777209
8800 1.00235 0.228158 0.661801
8900 1.00235 0.246352 0.683417
9000 1.00235 0.222774 0.641958
9100 1.00235 0.144527 0.678379
9200 1.00235 0.209126 0.762137
9300 1.00235 0.22979 0.707318
9400 1.00235 0.125227 0.648631
9500 1.00235 0.299399 0.688882
9600 1.00235 0.265652 0.730863
9700 1.00235 0.146699 0.7165
9800 1.00235 0.268947 0.814445
9900 1.00235 0.186583 0.776276
10000 1.00235 0.173328 0.675629
