0 0.396244 0.149517 0.267945
100 0.914895 0.829776 0.893406
200 0.969018 0.923361 0.967877
300 0.991023 0.881528 0.970233
400 0.996236 0.930917 0.984717
500 0.996564 0.938403 0.993344
600 0.996619 0.923097 0.984596
700 0.998206 0.927047 0.991073
800 0.998329 0.878135 0.97998
900 0.998353 0.897331 0.982637
1000 0.999672 0.936828 0.997079
1100 0.999685 0.930305 0.985925
1200 0.999689 0.894935 0.982511
1300 0.999718 0.878367 0.984103
1400 0.999755 0.914787 0.988142
1500 0.999808 0.915248 0.991707
1600 0.999839 0.91066 0.979403
1700 0.999839 0.90816 0.980662
1800 0.999839 0.895762 0.980846
1900 0.999839 0.869929 0.986492
2000 0.999839 0.926067 0.978832
2100 0.999928 0.947727 0.994254
2200 0.999949 0.90516 0.988917
2300 0.999949 0.902041 0.982083
2400 0.999958 0.956114 0.992893
2500 0.999996 0.927739 0.988487
