0 0.595986 0.0147826 0.275635
100 0.995147 0.261163 0.705731
200 0.997959 0.26834 0.744648
300 0.997959 0.354013 0.780453
400 0.997959 0.144081 0.650417
500 0.997959 0.143278 0.612167
600 0.997959 0.253119 0.683235
700 0.997959 0.129348 0.668339
800 0.997959 0.309332 0.770772
900 0.997959 0.125393 0.697787
1000 0.997959 0.16094 0.741674
1100 0.997959 0.265367 0.78015
1200 0.997959 0.0132324 0.755453
1300 0.997959 0.218449 0.675548
1400 0.999945 0.0872044 0.640476
1500 0.999945 0.219941 0.70784
1600 0.999945 0.128663 0.59614
1700 0.999945 0.0400308 0.594794
1800 0.999945 0.0171733 0.667896
1900 0.999945 0.218739 0.703341
2000 0.999945 0.202723 0.645774
2100 0.999945 0.193942 0.729263
2200 0.999945 0.159065 0.662973
2300 0.999945 0.256204 0.716723
2400 0.999945 0.0232193 0.685245
2500 0.999945 0.245823 0.734295
2600 0.999945 0.234603 0.777899
2700 0.999945 0.103719 0.652136
2800 0.999945 0.0326401 0.599606
2900 0.999945 0.220728 0.667439
3000 0.999945 0.167588 0.649128
3100 0.999945 0.0399136 0.640405
3200 0.999945 0.0313723 0.631579
3300 0.999945 0.0773578 0.653831
3400 0.999945 0.264045 0.709068
3500 0.999945 0.257111 0.690574
3600 0.999945 0.148267 0.734012
3700 0.999945 0.0626009 0.735255
3800 0.999945 0.0702825 0.560626
3900 0.999945 0.148324 0.668532
4000 0.999945 0.0591817 0.629053
4100 0.999945 0.144787 0.634454
4200 0.999945 0.0754413 0.63738
4300 0.999945 0.0739331 0.659492
4400 0.999945 0.215422 0.718548
4500 0.999945 0.181236 0.733543
4600 0.999945 0.103532 0.622724
4700 0.999945 0.0626148 0.638468
4800 0.999945 0.160156 0.626047
4900 0.999945 0.202974 0.716023
5000 0.999945 0.12984 0.670351
5100 0.999945 0.252799 0.690802
5200 0.999945 0.11676 0.759331
5300 0.999945 0.0824557 0.655754
5400 0.999945 0.185215 0.707308
5500 0.999945 0.107546 0.6657
5600 0.999945 0.148277 0.747088
5700 0.999945 0.24499 0.683386
5800 0.999945 0.0805683 0.727817
5900 0.999945 0.187598 0.743381
6000 0.999945 0.096581 0.636229
6100 0.999945 0.108172 0.599467
6200 0.999945 0.13106 0.695229
6300 0.999945 0.165936 0.716767
6400 0.999945 0.208716 0.682831
6500 0.999945 0.113419 0.664931
6600 0.999945 0.153819 0.731483
6700 0.999945 0.217356 0.750674
6800 0.999945 0.0630098 0.656645
6900 0.999945 0.351162 0.782525
7000 0.999945 0.10312 0.718252
7100 0.999945 0.0818664 0.638953
7200 0.999945 0.158046 0.714099
7300 0.999945 0.043155 0.616748
7400 0.999945 0.292668 0.784783
7500 0.999945 0.142253 0.770173
7600 0.999945 0.285895 0.68135
7700 0.999945 0.299479 0.770243
7800 0.999945 0.197375 0.726945
7900 0.999945 0.145469 0.570633
8000 0.999945 0.162384 0.746336
8100 0.999945 0.0579685 0.615439
8200 0.999945 0.0572388 0.572457
8300 0.999945 0.244723 0.731649
8400 0.999945 0.115251 0.738837
8500 0.999945 0.0612118 0.688767
8600 0.999945 0.19471 0.760235
8700 0.999945 0.160292 0.699166
8800 0.999945 0.192143 0.72206
8900 0.999945 0.191425 0.692924
9000 0.999945 0.210006 0.667725
9100 0.999945 0.193399 0.755818
9200 0.999945 0.229231 0.800869
9300 0.999945 0.237727 0.661865
9400 0.999945 0.188314 0.742534
9500 0.999945 0.181384 0.79468
9600 0.999945 0.17085 0.669903
9700 0.999945 0.205413 0.695863
9800 0.999945 0.206189 0.719166
9900 0.999945 0.371601 0.759003
10000 0.999945 0.0584851 0.654927
