0 0.757981 0.0178671 0.260422
100 0.946673 0.166376 0.693472
200 0.946673 0.235994 0.704441
300 0.960361 0.290961 0.670811
400 0.994254 0.195728 0.756864
500 0.995434 0.139296 0.710882
600 0.995434 0.225131 0.689992
700 0.995733 0.220638 0.764298
800 0.995733 0.260962 0.720101
900 0.995733 0.222083 0.711956
1000 0.995733 0.224451 0.771127
1100 0.995733 0.0207348 0.720008
1200 0.995733 0.108867 0.629683
1300 0.995733 0.212616 0.747461
1400 0.995733 0.0539633 0.611849
1500 0.995733 0.188698 0.718589
1600 0.995733 0.247692 0.718832
1700 0.995733 0.16946 0.711373
1800 0.995733 0.35888 0.815048
1900 0.995733 0.210123 0.700684
2000 0.995733 0.257691 0.733168
2100 0.995733 0.161489 0.768063
2200 0.995733 0.144344 0.663487
2300 0.995733 0.149978 0.670403
2400 0.995733 0.16179 0.695291
2500 0.995733 0.251915 0.673761
2600 0.995733 0.223976 0.699358
2700 0.995733 0.103584 0.632425
2800 0.995733 0.310527 0.749753
2900 0.995733 0.156294 0.747705
3000 0.995733 0.115528 0.732844
3100 0.995733 0.133157 0.655786
3200 0.995733 0.0892173 0.69327
3300 0.995733 0.117251 0.649192
3400 0.995733 0.132743 0.68873
3500 0.995733 0.217073 0.787044
3600 0.995733 0.266823 0.786993
3700 0.995733 0.162163 0.663361
3800 0.995733 0.182305 0.738579
3900 0.995733 0.077634 0.678483
4000 0.995733 0.137349 0.773557
4100 0.99992 0.145197 0.709293
4200 0.99992 0.126313 0.706035
4300 0.99992 0.261459 0.667079
4400 0.99992 0.0792048 0.688016
4500 0.99992 0.19247 0.775012
4600 0.99992 0.188652 0.644268
4700 0.99992 0.192453 0.809497
4800 0.99992 0.195917 0.675305
4900 0.99992 0.180616 0.723895
5000 1.00045 0.186744 0.698305
5100 1.00045 0.230984 0.696894
5200 1.00045 0.213628 0.717836
5300 1.00045 0.20478 0.719937
5400 1.00045 0.143611 0.710826
5500 1.00045 0.239771 0.743677
5600 1.00045 0.253412 0.745383
5700 1.00045 0.0194101 0.699872
5800 1.00045 0.263103 0.78055
5900 1.00215 0.224702 0.723007
6000 1.00246 0.235208 0.725549
6100 1.00258 0.237479 0.757951
6200 1.00258 0.183563 0.775489
6300 1.00258 0.207089 0.656201
6400 1.00258 0.148057 0.725301
6500 1.00258 0.140337 0.70748
6600 1.00258 0.166447 0.70822
6700 1.00282 0.292595 0.737375
6800 1.00282 0.224987 0.66547
6900 1.00282 0.124381 0.717479
7000 1.00282 0.236346 0.754573
7100 1.00282 0.239675 0.735817
7200 1.00282 0.172825 0.73944
7300 1.00282 0.229039 0.728349
7400 1.00282 0.0863632 0.667734
7500 1.00282 0.154993 0.695167
7600 1.00282 0.225112 0.689751
7700 1.00282 0.28313 0.740666
7800 1.00282 0.183053 0.744988
7900 1.00282 0.135555 0.751572
8000 1.00282 0.0908186 0.71184
8100 1.00282 0.186443 0.747929
8200 1.00282 0.182975 0.764995
8300 1.00282 0.0954646 0.63353
8400 1.00282 0.109918 0.692412
8500 1.00282 0.2319 0.790578
8600 1.00282 0.232136 0.756232
8700 1.00282 0.131257 0.746386
8800 1.00282 0.0793309 0.697314
8900 1.00282 0.146441 0.684668
9000 1.00282 0.0999664 0.676503
9100 1.00282 0.198781 0.773507
9200 1.00282 0.192444 0.731458
9300 1.00282 0.0225215 0.75352
9400 1.00282 0.166896 0.702322
9500 1.00282 0.126496 0.75085
9600 1.00282 0.0605149 0.716262
9700 1.00282 0.208452 0.694776
9800 1.00282 0.316966 0.766111
9900 1.00282 0.1639 0.714279
10000 1.00282 0.164602 0.706254
