0 0.447464 0.0923003 0.253154
10 0.543393 0.247837 0.398641
20 0.668412 0.356471 0.575388
30 0.751417 0.51119 0.64946
40 0.804694 0.458971 0.684348
50 0.839797 0.521237 0.726642
60 0.885143 0.627273 0.789554
70 0.897471 0.677036 0.817563
80 0.910638 0.675745 0.813577
90 0.918013 0.660314 0.83087
100 0.955584 0.647597 0.829813
110 0.960349 0.68712 0.857663
120 0.961387 0.757244 0.882644
130 0.962677 0.687804 0.86155
140 0.964839 0.710269 0.876304
150 0.965663 0.636445 0.897197
160 0.965663 0.710335 0.887979
170 0.967793 0.701502 0.895536
180 0.98366 0.67479 0.879022
190 0.984532 0.79183 0.924665
200 0.984532 0.7133 0.904894
210 0.986509 0.722233 0.919397
220 0.986509 0.68321 0.90978
230 0.986509 0.783946 0.908818
240 0.986512 0.735947 0.890209
250 0.986512 0.763002 0.895137
260 0.987695 0.64216 0.867019
270 0.987695 0.700878 0.89402
280 0.987695 0.724739 0.893846
290 0.98907 0.710692 0.888688
300 0.98907 0.730353 0.902951
310 0.98907 0.668466 0.895225
320 0.98907 0.753025 0.915783
330 0.989568 0.675033 0.897742
340 0.989734 0.672591 0.881603
350 0.990257 0.748688 0.915896
360 0.990257 0.764613 0.921445
370 0.990263 0.721841 0.885126
380 0.990901 0.694325 0.904599
390 0.990901 0.675067 0.902223
400 0.990901 0.753705 0.905982
410 0.990901 0.755878 0.918975
420 0.992145 0.710975 0.894152
430 0.992145 0.780096 0.914533
440 0.992145 0.64837 0.894154
450 0.992145 0.739312 0.908744
460 0.992226 0.715647 0.91609
470 0.992226 0.771596 0.907272
480 0.992226 0.669804 0.900945
490 0.992957 0.774711 0.897208
500 0.992957 0.625175 0.891679
510 0.9937 0.686408 0.892223
520 0.9937 0.709847 0.912281
530 0.9937 0.68892 0.897986
540 0.9937 0.757511 0.904074
550 0.993704 0.690215 0.886696
560 0.993704 0.597713 0.901199
570 0.993704 0.756109 0.918887
580 0.993704 0.625341 0.876402
590 0.993704 0.72945 0.914372
600 0.993704 0.680835 0.899009
610 0.993704 0.738893 0.917108
620 0.993731 0.682579 0.898967
630 0.993731 0.77116 0.919926
640 0.993747 0.678675 0.89324
650 0.993747 0.718731 0.885774
660 0.993747 0.746043 0.914087
670 0.993789 0.798712 0.934385
680 0.994481 0.623392 0.899721
690 0.994481 0.669659 0.885843
700 0.994482 0.727506 0.902096
710 0.99519 0.704861 0.883861
720 0.99519 0.711515 0.907536
730 0.99519 0.718297 0.919372
740 0.995216 0.690144 0.913718
750 0.995217 0.666909 0.889843
760 0.995224 0.728571 0.898088
770 0.995263 0.780997 0.917736
780 0.995263 0.623383 0.889366
790 0.996163 0.683003 0.897026
800 0.996163 0.702118 0.915104
810 0.996517 0.756495 0.927089
820 0.996517 0.784457 0.91386
830 0.997704 0.763627 0.920675
840 0.997704 0.762266 0.924496
850 0.997704 0.624989 0.883966
860 0.997817 0.747543 0.908491
870 0.997817 0.736712 0.902264
880 0.997895 0.742351 0.909716
890 0.997895 0.788725 0.929942
900 0.997901 0.721035 0.932054
910 0.999186 0.634327 0.880208
920 0.999261 0.667824 0.879468
930 0.999261 0.803142 0.921989
940 0.999261 0.646547 0.907399
950 0.999261 0.734209 0.917284
960 0.999265 0.770822 0.930355
970 0.999278 0.698187 0.907442
980 0.999278 0.67818 0.877702
990 0.999278 0.699169 0.920052
1000 0.999292 0.703477 0.923855
1010 0.999542 0.686103 0.910817
1020 0.999542 0.745009 0.905215
1030 0.999542 0.671167 0.900681
1040 0.999542 0.701075 0.905987
1050 0.999868 0.681435 0.882758
1060 0.999868 0.750127 0.907828
1070 0.999868 0.684631 0.90751
1080 0.999868 0.729175 0.914777
1090 0.999868 0.732564 0.904069
1100 0.999869 0.737548 0.903703
1110 0.999869 0.704112 0.899048
1120 0.999925 0.657468 0.908985
1130 0.999925 0.705425 0.892169
1140 0.999925 0.708521 0.903522
1150 0.999925 0.721158 0.910911
1160 0.999925 0.660201 0.888912
1170 0.999925 0.715221 0.917355
1180 0.999925 0.725972 0.899039
1190 0.999927 0.708885 0.898197
1200 0.999927 0.682209 0.895923
1210 0.999927 0.689255 0.894567
1220 0.999927 0.677841 0.916445
1230 0.999928 0.71062 0.900708
1240 0.999928 0.724374 0.914644
1250 0.999928 0.663608 0.892995
1260 0.999928 0.71059 0.893543
1270 0.999928 0.712611 0.910406
1280 0.999935 0.746334 0.908936
1290 0.999935 0.618072 0.902704
1300 1.00004 0.753579 0.920253
1310 1.00004 0.732877 0.894736
1320 1.00004 0.755149 0.931466
1330 1.00004 0.727118 0.923857
1340 1.00004 0.723902 0.905868
1350 1.00004 0.750785 0.905568
1360 1.00004 0.69271 0.890075
1370 1.00006 0.754643 0.89212
1380 1.00006 0.686681 0.898023
1390 1.00006 0.655518 0.879796
1400 1.00006 0.723233 0.88821
1410 1.00006 0.764793 0.920947
1420 1.00006 0.733384 0.910402
1430 1.00006 0.718867 0.899799
1440 1.00006 0.706896 0.901178
1450 1.00006 0.79015 0.919705
1460 1.00006 0.77521 0.937748
1470 1.00006 0.739064 0.911644
1480 1.00006 0.74332 0.90547
1490 1.00006 0.744169 0.907552
1500 1.00008 0.767859 0.919408
1510 1.00008 0.719276 0.915813
1520 1.00008 0.732912 0.908662
1530 1.00008 0.770523 0.915366
1540 1.00008 0.651104 0.903656
1550 1.00008 0.70185 0.904206
1560 1.00008 0.742853 0.916786
1570 1.00014 0.72494 0.91113
1580 1.00014 0.701072 0.907665
1590 1.00014 0.68242 0.897112
1600 1.00014 0.744558 0.93746
1610 1.00022 0.744152 0.924176
1620 1.00022 0.720851 0.883898
1630 1.00022 0.69551 0.903982
1640 1.00022 0.729694 0.9213
1650 1.00022 0.702471 0.901166
1660 1.00022 0.706806 0.912287
1670 1.00022 0.692958 0.875579
1680 1.00022 0.765687 0.916177
1690 1.00022 0.678201 0.890775
1700 1.00022 0.793703 0.92402
1710 1.00022 0.713895 0.924115
1720 1.00022 0.734647 0.92259
1730 1.00022 0.754355 0.910619
1740 1.00022 0.731607 0.891188
1750 1.00022 0.7181 0.910555
1760 1.00022 0.683443 0.903871
1770 1.00029 0.784464 0.919604
1780 1.00029 0.748206 0.893589
1790 1.00029 0.690654 0.911169
1800 1.00036 0.70815 0.929118
1810 1.00036 0.712521 0.895414
1820 1.00036 0.736359 0.886348
1830 1.00036 0.732131 0.900643
1840 1.00036 0.672671 0.90856
1850 1.00041 0.7304 0.911301
1860 1.00043 0.66173 0.904599
1870 1.00043 0.694071 0.887493
1880 1.00043 0.664597 0.891028
1890 1.00043 0.703692 0.899072
1900 1.00043 0.61409 0.914947
1910 1.00043 0.714851 0.905258
1920 1.00043 0.730994 0.910184
1930 1.00043 0.726686 0.909685
1940 1.00043 0.789573 0.929638
1950 1.00043 0.642678 0.918342
1960 1.00043 0.704152 0.910137
1970 1.00043 0.713439 0.894635
1980 1.00043 0.686252 0.90572
1990 1.00043 0.645271 0.901639
2000 1.00043 0.775686 0.914426
