0 0.621874 0.016915 0.25368
100 0.956135 0.216706 0.677832
200 0.956135 0.11029 0.668067
300 0.991671 0.0610026 0.718616
400 1.00133 0.118413 0.719832
500 1.00133 0.0547229 0.786991
600 1.00133 0.0984775 0.707392
700 1.00133 0.0637204 0.607541
800 1.00133 0.240995 0.677845
900 1.00133 0.173857 0.719175
1000 1.00133 0.180306 0.709819
1100 1.00133 0.259284 0.790019
1200 1.00133 0.181945 0.699834
1300 1.00133 0.216595 0.766108
1400 1.00133 0.226852 0.745562
1500 1.00133 0.257653 0.723458
1600 1.00133 0.153589 0.666125
1700 1.00133 0.199166 0.653922
1800 1.00133 0.063532 0.6595
1900 1.00133 0.106338 0.685756
2000 1.00133 0.155225 0.812873
2100 1.00133 0.0521626 0.628502
2200 1.00133 0.15195 0.573439
2300 1.00133 0.21036 0.632076
2400 1.00133 0.0369357 0.601585
2500 1.00133 0.189545 0.748661
2600 1.00133 0.231879 0.718075
2700 1.00133 0.130156 0.676433
2800 1.00133 0.0424091 0.644442
2900 1.00133 0.137045 0.695124
3000 1.00133 0.225058 0.735265
3100 1.00133 0.189604 0.726272
3200 1.00133 0.220126 0.677552
3300 1.00133 0.153196 0.682539
3400 1.00133 0.26629 0.787201
3500 1.00133 0.278853 0.698056
3600 1.00133 0.0670141 0.693867
3700 1.00133 0.110134 0.63469
3800 1.00133 0.212442 0.63649
3900 1.00133 0.112242 0.705431
4000 1.00133 0.0734808 0.671519
4100 1.00133 0.163958 0.675353
4200 1.00133 0.0922108 0.725849
4300 1.00133 0.126315 0.713513
4400 1.00133 0.201524 0.760208
4500 1.00133 0.0217486 0.692169
4600 1.00133 0.228484 0.608932
4700 1.00133 0.126803 0.619573
4800 1.00133 0.180306 0.663879
4900 1.00133 0.0741259 0.62727
5000 1.00133 0.0590397 0.603419
5100 1.00133 0.103284 0.690504
5200 1.00133 0.129699 0.662629
5300 1.00133 0.233454 0.762249
5400 1.00133 0.0457465 0.621599
5500 1.00133 0.158188 0.707342
5600 1.00133 0.265432 0.742953
5700 1.00133 0.246094 0.742669
5800 1.00133 0.103916 0.621273
5900 1.00133 0.103985 0.609754
6000 1.00133 0.20638 0.709577
6100 1.00133 0.254023 0.781612
6200 1.00133 0.264313 0.668938
6300 1.00133 0.133873 0.628481
6400 1.00133 0.187239 0.637905
6500 1.00133 0.187683 0.720165
6600 1.00133 0.0904709 0.670137
6700 1.00133 0.222466 0.622104
6800 1.00133 0.116222 0.676374
6900 1.00133 0.159499 0.688164
7000 1.00133 0.207575 0.787002
7100 1.00133 0.203079 0.693011
7200 1.00133 0.168529 0.672603
7300 1.00133 0.139222 0.603953
7400 1.00133 0.215128 0.71677
7500 1.00133 0.102764 0.693962
7600 1.00133 0.297928 0.691012
7700 1.00133 0.233278 0.731216
7800 1.00133 0.121568 0.636193
7900 1.00133 0.0715504 0.621766
8000 1.00133 0.125046 0.705183
8100 1.00133 0.164358 0.739301
8200 1.00133 0.137083 0.709152
8300 1.00133 0.218674 0.692629
8400 1.00133 0.152387 0.751343
8500 1.00133 0.17987 0.77345
8600 1.00133 0.0431575 0.71371
8700 1.00133 0.202203 0.721536
8800 1.00133 0.236855 0.696475
8900 1.00133 0.058338 0.660339
9000 1.00133 0.126746 0.696656
9100 1.00133 0.363753 0.810068
9200 1.00133 0.271805 0.752542
9300 1.00133 0.0983606 0.647818
9400 1.00133 0.271266 0.720874
9500 1.00133 0.157367 0.791104
9600 1.00133 0.158066 0.704148
9700 1.00133 0.188534 0.731814
9800 1.00133 0.0638873 0.64403
9900 1.00133 0.17371 0.67125
10000 1.00133 0.204374 0.719795
