0 0.669165 0.012314 0.271982
100 0.991723 0.177706 0.732138
200 0.991723 0.262424 0.747567
300 0.993985 0.12443 0.740477
400 0.993985 0.282171 0.732096
500 0.993985 0.0232607 0.751614
600 0.993985 0.0536643 0.708467
700 0.993985 0.233742 0.704456
800 0.993985 0.206258 0.714087
900 0.993985 0.288833 0.760383
1000 0.997923 0.192109 0.691899
1100 0.997923 0.277134 0.71348
1200 1.0007 0.122002 0.681175
1300 1.0007 0.0413352 0.714151
1400 1.0007 0.207405 0.672166
1500 1.0007 0.236106 0.752406
1600 1.00314 0.215945 0.71507
1700 1.00314 0.207774 0.674304
1800 1.00314 0.0609812 0.671155
1900 1.00314 0.188322 0.692003
2000 1.00314 0.202029 0.751528
2100 1.00314 0.0940578 0.647057
2200 1.00314 0.191241 0.752228
2300 1.00314 0.170147 0.706635
2400 1.00314 0.20723 0.676143
2500 1.00314 0.103138 0.759228
2600 1.00314 0.0366897 0.653957
2700 1.00314 0.175923 0.687035
2800 1.00314 0.125002 0.672166
2900 1.00314 0.111373 0.691894
3000 1.00314 0.248895 0.73522
3100 1.00314 0.184687 0.64226
3200 1.00314 0.118699 0.663428
3300 1.00314 0.16438 0.722197
3400 1.00314 0.179627 0.700173
3500 1.00314 0.147751 0.700527
3600 1.00314 0.172571 0.7067
3700 1.00314 0.10262 0.67683
3800 1.00314 0.145582 0.714511
3900 1.00314 0.22584 0.680176
4000 1.00314 0.148019 0.71569
4100 1.00314 0.103427 0.720702
4200 1.00314 0.230854 0.67251
4300 1.00314 0.232466 0.704024
4400 1.00314 0.18467 0.623988
4500 1.00314 0.0719278 0.727204
4600 1.00314 0.141254 0.736326
4700 1.00314 0.222553 0.628703
4800 1.00314 0.146818 0.690875
4900 1.00314 0.229918 0.671262
5000 1.00314 0.084471 0.667353
5100 1.00314 0.0591304 0.643868
5200 1.00314 0.0573681 0.648048
5300 1.00314 0.250228 0.740202
5400 1.00314 0.18261 0.699672
5500 1.00314 0.120577 0.693119
5600 1.00314 0.0837911 0.733512
5700 1.00314 0.20586 0.734798
5800 1.00314 0.180291 0.665724
5900 1.00314 0.204808 0.689163
6000 1.00314 0.192304 0.715594
6100 1.00314 0.120926 0.6853
6200 1.00314 0.201023 0.736967
6300 1.00314 0.0572746 0.69758
6400 1.00314 0.193021 0.686161
6500 1.00314 0.234372 0.705473
6600 1.00314 0.0339 0.664362
6700 1.00314 0.172323 0.676248
6800 1.00314 0.240198 0.686093
6900 1.00314 0.262267 0.668813
7000 1.00314 0.151441 0.719268
7100 1.00314 0.126345 0.721648
7200 1.00314 0.242415 0.731224
7300 1.00314 0.223491 0.651166
7400 1.00314 0.203448 0.756674
7500 1.00314 0.155625 0.682552
7600 1.00314 0.131845 0.703611
7700 1.00314 0.183926 0.725138
7800 1.00314 0.208986 0.711502
7900 1.00314 0.138746 0.644001
8000 1.00314 0.182946 0.721288
8100 1.00314 0.179573 0.692919
8200 1.00314 0.236424 0.751561
8300 1.00314 0.206049 0.745732
8400 1.00314 0.123842 0.657519
8500 1.00314 0.228395 0.679231
8600 1.00314 0.199413 0.73933
8700 1.00314 0.167215 0.70774
8800 1.00314 0.179825 0.649135
8900 1.00314 0.198063 0.795785
9000 1.00314 0.0812604 0.647727
9100 1.00314 0.184818 0.741967
9200 1.00314 0.0459147 0.658504
9300 1.00314 0.196385 0.684043
9400 1.00314 0.181812 0.713751
9500 1.00314 0.176325 0.658663
9600 1.00314 0.118533 0.795104
9700 1.00314 0.223642 0.66414
9800 1.00314 0.154161 0.714063
9900 1.00314 0.212918 0.743412
10000 1.00314 0.142305 0.696018
