0 0.593982 0.012314 0.245661
100 0.989311 0.306632 0.783219
200 0.989311 0.214654 0.764107
300 0.989311 0.187842 0.725918
400 0.989311 0.353074 0.743199
500 0.989311 0.150917 0.705508
600 0.989311 0.10579 0.664944
700 0.989311 0.0240497 0.620444
800 0.989311 0.158553 0.639018
900 0.992259 0.210868 0.75269
1000 0.992259 0.156288 0.685475
1100 0.99281 0.142939 0.719659
1200 0.99281 0.155576 0.726575
1300 0.99281 0.32902 0.768509
1400 0.99281 0.217907 0.670358
1500 0.99281 0.218432 0.754997
1600 0.99281 0.0737023 0.641777
1700 0.99281 0.236068 0.656392
1800 0.99281 0.0643319 0.681955
1900 0.99281 0.228368 0.739931
2000 0.993452 0.247681 0.767536
2100 0.993452 0.17873 0.773823
2200 0.993452 0.0688398 0.637689
2300 0.993452 0.0459892 0.691391
2400 0.993452 0.136884 0.669183
2500 0.993452 0.0586109 0.633464
2600 0.993452 0.293338 0.690848
2700 0.993452 0.173825 0.657501
2800 0.993452 0.338685 0.729409
2900 0.993452 0.207007 0.802891
3000 0.993452 0.152867 0.648828
3100 0.993452 0.298595 0.769546
3200 0.993452 0.226949 0.721143
3300 0.993452 0.0631508 0.788255
3400 0.993452 0.132289 0.712476
3500 0.993452 0.237226 0.701641
3600 0.993452 0.146629 0.661956
3700 0.993452 0.165933 0.609482
3800 0.993452 0.222677 0.711031
3900 0.993452 0.135761 0.71622
4000 0.996003 0.0590597 0.689611
4100 0.997779 0.186326 0.66249
4200 0.998177 0.0448057 0.680931
4300 0.998177 0.141365 0.680139
4400 0.998793 0.142575 0.617186
4500 0.998793 0.139094 0.621113
4600 0.998793 0.201853 0.743615
4700 0.998793 0.178813 0.674589
4800 0.998793 0.0173373 0.693566
4900 0.998793 0.0935259 0.740695
5000 0.998793 0.200338 0.743244
5100 0.998793 0.170927 0.691287
5200 0.998793 0.231157 0.6909
5300 0.998793 0.295764 0.730791
5400 0.998793 0.149377 0.663812
5500 1.00107 0.202296 0.720405
5600 1.00107 0.300556 0.798285
5700 1.00107 0.163799 0.630348
5800 1.00107 0.210196 0.670778
5900 1.00107 0.165887 0.680502
6000 1.00107 0.0972539 0.681995
6100 1.00107 0.14929 0.618012
6200 1.00107 0.282896 0.833615
6300 1.00107 0.0810454 0.676039
6400 1.00107 0.173166 0.71816
6500 1.00107 0.189647 0.654282
6600 1.00107 0.151774 0.672516
6700 1.00107 0.0862255 0.646142
6800 1.00107 0.313927 0.694829
6900 1.00107 0.111226 0.704069
7000 1.00107 0.181361 0.670093
7100 1.00107 0.151634 0.734271
7200 1.00107 0.216929 0.721001
7300 1.00107 0.220158 0.66019
7400 1.00107 0.170571 0.729309
7500 1.00107 0.077034 0.680885
7600 1.00107 0.187726 0.723736
7700 1.00107 0.0990841 0.73835
7800 1.00107 0.0943385 0.692948
7900 1.00107 0.232382 0.748431
8000 1.00107 0.283968 0.721585
8100 1.00107 0.181184 0.728694
8200 1.00107 0.213685 0.715837
8300 1.00107 0.0874826 0.712156
8400 1.00107 0.16321 0.644627
8500 1.00107 0.197461 0.697404
8600 1.00107 0.230652 0.694787
8700 1.00107 0.0362397 0.704373
8800 1.00107 0.212677 0.759328
8900 1.00107 0.0985779 0.676688
9000 1.00107 0.108625 0.725372
9100 1.00107 0.118824 0.599399
9200 1.00107 0.191315 0.701978
9300 1.00107 0.272531 0.755689
9400 1.00107 0.230523 0.723463
9500 1.00107 0.165479 0.660782
9600 1.00107 0.228252 0.713936
9700 1.00107 0.0972626 0.713385
9800 1.00107 0.246554 0.769177
9900 1.00107 0.203166 0.76037
10000 1.00107 0.143639 0.63707
