0 0.480728 0.0969131 0.266497
100 0.981061 0.659655 0.893967
200 0.997411 0.589475 0.953593
300 0.997843 0.651832 0.950983
400 0.998955 0.767023 0.962605
500 1.00043 0.813305 0.954981
600 1.0005 0.722008 0.936514
700 1.00054 0.716439 0.909319
800 1.00054 0.803077 0.951744
900 1.00102 0.735666 0.922476
1000 1.00102 0.718012 0.920035
1100 1.00102 0.582902 0.929202
1200 1.00102 0.709734 0.927252
1300 1.00102 0.713293 0.944973
1400 1.00102 0.704556 0.93909
1500 1.00102 0.756194 0.957937
1600 1.00102 0.782066 0.951534
1700 1.00102 0.729509 0.957355
1800 1.00102 0.711869 0.945154
1900 1.00102 0.703843 0.941178
2000 1.00102 0.633282 0.948436
2100 1.00102 0.572472 0.927549
2200 1.00102 0.74729 0.945281
2300 1.00102 0.682481 0.936496
2400 1.00102 0.705328 0.922212
2500 1.00102 0.73096 0.950354
2600 1.00102 0.666639 0.94029
2700 1.00102 0.68169 0.939186
2800 1.00102 0.79246 0.95474
2900 1.00102 0.562776 0.919542
3000 1.00102 0.703546 0.926182
3100 1.00102 0.747744 0.962516
3200 1.00102 0.564238 0.929192
3300 1.00102 0.730394 0.959275
3400 1.00102 0.678989 0.923463
3500 1.00102 0.758375 0.940201
3600 1.00102 0.696828 0.932527
3700 1.00102 0.775398 0.946093
3800 1.00102 0.624582 0.921176
3900 1.00102 0.729538 0.927424
4000 1.00102 0.780272 0.944947
4100 1.00102 0.712465 0.920251
4200 1.00102 0.770096 0.929393
4300 1.00102 0.732249 0.933556
4400 1.00102 0.732084 0.936588
4500 1.00102 0.736801 0.940517
4600 1.00102 0.748761 0.937681
4700 1.00102 0.722319 0.94104
4800 1.00102 0.815953 0.960745
4900 1.00102 0.739652 0.950932
5000 1.00102 0.677645 0.93375
5100 1.00102 0.764957 0.945793
5200 1.00102 0.704004 0.933145
5300 1.00102 0.751976 0.963627
5400 1.00102 0.718027 0.953266
5500 1.00102 0.686756 0.940675
5600 1.00102 0.539331 0.906391
5700 1.00102 0.683458 0.933568
5800 1.00102 0.642226 0.919274
5900 1.00102 0.801494 0.942783
6000 1.00102 0.653837 0.931122
6100 1.00102 0.74383 0.944828
6200 1.00102 0.803818 0.957076
6300 1.00102 0.60714 0.934841
6400 1.00102 0.792513 0.953232
6500 1.00102 0.714148 0.948697
6600 1.00102 0.680285 0.910162
6700 1.00102 0.733847 0.928906
6800 1.00102 0.734616 0.946247
6900 1.00102 0.767733 0.947638
7000 1.00102 0.701792 0.918711
7100 1.00102 0.770935 0.949908
7200 1.00102 0.672875 0.932683
7300 1.00102 0.715972 0.920368
7400 1.00102 0.668029 0.923367
7500 1.00102 0.770698 0.948177
7600 1.00102 0.570232 0.923742
7700 1.00102 0.645557 0.928651
7800 1.00102 0.735964 0.927423
7900 1.00102 0.711567 0.923599
8000 1.00102 0.664581 0.943352
8100 1.00102 0.75027 0.948204
8200 1.00102 0.748426 0.94071
8300 1.00102 0.739108 0.94549
8400 1.00102 0.69481 0.938015
8500 1.00102 0.713487 0.926466
8600 1.00102 0.744138 0.929495
8700 1.00102 0.71093 0.940273
8800 1.00102 0.646956 0.925817
8900 1.00102 0.649387 0.91285
9000 1.00102 0.757865 0.958602
9100 1.00102 0.698638 0.927641
9200 1.00102 0.74036 0.931651
9300 1.00102 0.664313 0.912018
9400 1.00102 0.655635 0.913861
9500 1.00125 0.735765 0.940858
9600 1.00131 0.621822 0.942736
9700 1.00131 0.731852 0.954963
9800 1.00131 0.767373 0.939936
9900 1.00131 0.645457 0.943171
10000 1.00145 0.707834 0.913396
