0 0.580912 0.0125624 0.254994
10 0.909983 0.141686 0.740421
20 0.943917 0.31881 0.804508
30 0.954812 0.491489 0.869526
40 0.954812 0.403044 0.836114
50 0.954812 0.219109 0.719933
60 0.954812 0.10446 0.680328
70 0.954812 0.191937 0.659416
80 0.954812 0.274601 0.816231
90 0.954812 0.251241 0.749012
100 0.954812 0.253134 0.82517
110 0.954812 0.26674 0.780895
120 0.954812 0.349281 0.844638
130 0.954812 0.262059 0.737551
140 0.954812 0.242573 0.758912
150 0.954812 0.329789 0.828932
160 0.954812 0.234436 0.67539
170 0.954812 0.128623 0.71182
180 0.954812 0.313799 0.670485
190 0.954812 0.231887 0.765436
200 0.954812 0.145635 0.748772
210 0.954812 0.101963 0.731804
220 0.954812 0.163422 0.816773
230 0.954812 0.330913 0.82
240 0.954812 0.331224 0.718617
250 0.954812 0.228981 0.753871
260 0.954812 0.116482 0.693069
270 0.954812 0.26909 0.783907
280 0.954812 0.196917 0.771566
290 0.954812 0.322477 0.822391
300 0.954812 0.312441 0.709766
310 0.954812 0.185942 0.75668
320 0.954812 0.333848 0.786489
330 0.954812 0.277312 0.744012
340 0.954812 0.440264 0.83662
350 0.954812 0.552182 0.839986
360 0.954812 0.298988 0.770829
370 0.954812 0.31443 0.781019
380 0.954812 0.240758 0.807782
390 0.954812 0.507358 0.899047
400 0.954812 0.304737 0.701042
410 0.954812 0.337419 0.784883
420 0.954812 0.258915 0.78303
430 0.954812 0.322477 0.799989
440 0.954812 0.273002 0.677424
450 0.954812 0.202263 0.732754
460 0.954812 0.366831 0.828559
470 0.954812 0.261599 0.798923
480 0.954812 0.440264 0.852851
490 0.954812 0.225284 0.783157
500 0.954812 0.318763 0.749415
510 0.954812 0.436695 0.788388
520 0.954812 0.419915 0.805175
530 0.954812 0.268122 0.714634
540 0.954812 0.228607 0.712315
550 0.954812 0.318235 0.785455
560 0.954812 0.265492 0.815204
570 0.954812 0.343072 0.79201
580 0.954812 0.446404 0.785477
590 0.954812 0.387721 0.836071
600 0.954812 0.507545 0.874287
610 0.954812 0.261599 0.736367
620 0.954812 0.397794 0.828499
630 0.954812 0.267793 0.658945
640 0.954812 0.246266 0.768821
650 0.954812 0.264923 0.771135
660 0.954812 0.3538 0.682965
670 0.954812 0.0447893 0.692689
680 0.954812 0.440062 0.774078
690 0.954812 0.0814098 0.705089
700 0.954812 0.348435 0.840352
710 0.954812 0.322477 0.779722
720 0.954812 0.288493 0.77894
730 0.954812 0.201383 0.720002
740 0.954812 0.216357 0.799927
750 0.954812 0.497961 0.82035
760 0.954812 0.321208 0.768573
770 0.954812 0.163422 0.734282
780 0.954812 0.179992 0.617573
790 0.954812 0.162452 0.793286
800 0.954812 0.0862504 0.687732
810 0.954812 0.184422 0.75816
820 0.954812 0.232 0.728398
830 0.954812 0.225787 0.77573
840 0.954812 0.297514 0.7074
850 0.954812 0.322477 0.80706
860 0.954812 0.460317 0.776124
870 0.954812 0.139088 0.700501
880 0.954812 0.263625 0.803883
890 0.954812 0.2307 0.757671
900 0.954812 0.248008 0.725608
910 0.954812 0.436913 0.821689
920 0.954812 0.280063 0.734161
930 0.954812 0.322477 0.802308
940 0.954812 0.497961 0.788213
950 0.954812 0.237285 0.622853
960 0.954812 0.263682 0.653154
970 0.954812 0.196468 0.768583
980 0.954812 0.101667 0.708769
990 0.961132 0.170757 0.80784
1000 0.961132 0.390944 0.764355
1010 0.961132 0.392189 0.747936
1020 0.961132 0.240805 0.856563
1030 0.961132 0.536359 0.857315
1040 0.961132 0.292098 0.7132
1050 0.961132 0.214211 0.765067
1060 0.961132 0.276202 0.763604
1070 0.961132 0.345467 0.741302
1080 0.961132 0.435751 0.852966
1090 0.961132 0.323519 0.839234
1100 0.961132 0.304272 0.836048
1110 0.961132 0.332161 0.825104
1120 0.961132 0.298323 0.812401
1130 0.961132 0.376427 0.737565
1140 0.961132 0.441777 0.81832
1150 0.961132 0.389038 0.739786
1160 0.986662 0.486856 0.857247
1170 0.992904 0.347775 0.766346
1180 0.992904 0.144703 0.815569
1190 0.992904 0.458863 0.860442
1200 0.992904 0.204479 0.815375
1210 0.992904 0.42862 0.825002
1220 0.992904 0.244804 0.667945
1230 0.992904 0.286909 0.789578
1240 0.992904 0.45959 0.849479
1250 0.992904 0.350367 0.754327
1260 0.992904 0.28885 0.775867
1270 0.992904 0.336941 0.787964
1280 0.992904 0.266055 0.779774
1290 0.992904 0.159884 0.704617
1300 0.992904 0.146011 0.821561
1310 0.992904 0.320107 0.884586
1320 0.992904 0.243403 0.747283
1330 0.992904 0.175179 0.677656
1340 0.992904 0.177347 0.814673
1350 0.992904 0.435401 0.868055
1360 0.992904 0.245771 0.735942
1370 0.992904 0.278621 0.763132
1380 0.992904 0.340501 0.750986
1390 0.992904 0.172781 0.799464
1400 0.992904 0.341724 0.777565
1410 0.992904 0.410718 0.802954
1420 0.992904 0.444102 0.87091
1430 0.992904 0.0227359 0.784646
1440 0.992904 0.173952 0.691344
1450 0.992904 0.446895 0.810482
1460 0.992904 0.238163 0.797066
1470 0.992904 0.214251 0.687251
1480 0.992904 0.163967 0.737813
1490 0.992904 0.315247 0.771727
1500 0.992904 0.28975 0.775165
1510 0.992904 0.314313 0.807151
1520 0.992904 0.36987 0.814706
1530 0.992904 0.290294 0.871673
1540 0.992904 0.220667 0.751974
1550 0.992904 0.351357 0.812259
1560 0.992904 0.330422 0.757837
1570 0.992904 0.217998 0.779803
1580 0.992904 0.367557 0.862906
1590 0.992904 0.537316 0.822628
1600 0.992904 0.391105 0.820193
1610 0.992904 0.312488 0.791334
1620 0.992904 0.554826 0.908434
1630 0.992904 0.296657 0.835556
1640 0.992904 0.327293 0.783986
1650 0.992904 0.0679102 0.6676
1660 0.992904 0.35696 0.823841
1670 0.992904 0.3217 0.780854
1680 0.992904 0.145366 0.769363
1690 0.992904 0.21581 0.833529
1700 0.992904 0.445333 0.776497
1710 0.992904 0.198309 0.860017
1720 0.992904 0.279897 0.858678
1730 0.992904 0.163276 0.74681
1740 0.992904 0.232261 0.810358
1750 0.992904 0.443876 0.851892
1760 0.992904 0.0310824 0.819016
1770 0.992904 0.261869 0.813686
1780 0.992904 0.285134 0.787305
1790 0.992904 0.519783 0.861651
1800 0.992904 0.364605 0.793295
1810 0.992904 0.393462 0.775318
1820 0.992904 0.457254 0.872887
1830 0.992904 0.286464 0.801645
1840 0.992904 0.140367 0.865763
1850 0.992904 0.171505 0.756264
1860 0.992904 0.441497 0.897315
1870 0.992904 0.420226 0.801987
1880 0.992904 0.337184 0.766901
1890 0.992904 0.196517 0.744966
1900 0.992904 0.240319 0.755021
1910 0.992904 0.229213 0.734116
1920 0.992904 0.390845 0.808781
1930 0.992904 0.243776 0.738045
1940 0.992904 0.193994 0.792707
1950 0.992904 0.25622 0.806064
1960 0.992904 0.450923 0.844377
1970 0.992904 0.487671 0.835865
1980 0.992904 0.437232 0.803318
1990 0.992904 0.241182 0.756506
2000 0.992904 0.437825 0.794999
2010 0.992904 0.276915 0.765843
2020 0.992904 0.700578 0.978594
2030 0.992904 0.382605 0.828527
2040 0.992904 0.262759 0.785074
2050 0.992904 0.408988 0.816477
2060 0.992904 0.445139 0.809915
2070 0.992904 0.45908 0.869963
2080 0.992904 0.324915 0.734241
2090 0.992904 0.487671 0.865008
2100 0.992904 0.0833735 0.786783
2110 0.992904 0.324577 0.826027
2120 0.992904 0.0510084 0.791542
2130 0.992904 0.219598 0.832071
2140 0.992904 0.292696 0.813659
2150 0.992904 0.521274 0.89695
2160 0.992904 0.166481 0.758603
2170 0.992904 0.31021 0.817557
2180 0.992904 0.363039 0.839406
2190 0.992904 0.255648 0.807283
2200 0.992904 0.258705 0.724303
2210 0.992904 0.578334 0.918329
2220 0.992904 0.375132 0.845851
2230 0.992904 0.33297 0.900143
2240 0.992904 0.401424 0.830055
2250 0.992904 0.38225 0.833007
2260 0.992904 0.227737 0.790605
2270 0.992904 0.360661 0.859988
2280 0.992904 0.520138 0.876023
2290 0.992904 0.203896 0.735726
2300 0.992904 0.23894 0.829903
2310 0.992904 0.10823 0.723955
2320 0.992904 0.178989 0.792804
2330 0.992904 0.254973 0.769363
2340 0.992904 0.471586 0.847507
2350 0.992904 0.263024 0.845209
2360 0.992904 0.364938 0.841232
2370 0.993311 0.133383 0.770296
2380 0.993311 0.364501 0.809225
2390 0.993311 0.0400848 0.706172
2400 0.993311 0.321753 0.794393
2410 0.993311 0.202424 0.761505
2420 0.993311 0.336014 0.845609
2430 0.993311 0.396863 0.862974
2440 0.993311 0.30226 0.856872
2450 0.993311 0.250671 0.690813
2460 0.993311 0.0903207 0.70674
2470 0.993311 0.494327 0.844128
2480 0.993311 0.534884 0.886236
2490 0.993311 0.131478 0.75644
2500 0.993311 0.404342 0.84981
2510 0.993311 0.129104 0.84989
2520 0.993311 0.31199 0.823079
2530 0.993311 0.23937 0.742194
2540 0.993311 0.39489 0.834134
2550 0.995841 0.319339 0.711892
2560 0.995841 0.267172 0.816274
2570 0.995841 0.262949 0.865137
2580 0.995841 0.274108 0.792209
2590 0.995841 0.15406 0.815596
2600 0.995841 0.131036 0.653148
2610 0.995841 0.13826 0.762642
2620 0.995841 0.399195 0.841356
2630 0.995841 0.39004 0.901087
2640 0.995841 0.525992 0.92302
2650 0.995841 0.227782 0.754592
2660 0.995841 0.402743 0.91816
2670 0.995841 0.315482 0.777567
2680 0.995841 0.263693 0.77905
2690 0.995841 0.432273 0.859103
2700 0.995841 0.250462 0.816977
2710 0.995841 0.342809 0.847678
2720 0.995841 0.224815 0.804648
2730 0.995841 0.277561 0.768952
2740 0.995841 0.417034 0.82978
2750 0.995841 0.146408 0.809522
2760 0.995841 0.438325 0.856754
2770 0.995841 0.364298 0.845363
2780 0.995841 0.258229 0.751117
2790 0.995841 0.404363 0.794715
2800 0.995841 0.444848 0.898229
2810 0.995841 0.277225 0.848686
2820 0.995841 0.327385 0.874942
2830 0.995841 0.358566 0.830676
2840 0.995841 0.0959383 0.773727
2850 0.995841 0.425239 0.852204
2860 0.995841 0.203846 0.819967
2870 0.995841 0.257497 0.799256
2880 0.995841 0.215063 0.73365
2890 0.995841 0.164769 0.789614
2900 0.995841 0.316123 0.708947
2910 0.995841 0.474651 0.816564
2920 0.995841 0.328089 0.820977
2930 0.995841 0.331132 0.751448
2940 0.995841 0.332382 0.82389
2950 0.995841 0.401732 0.810013
2960 0.995841 0.496856 0.913462
2970 0.995841 0.174565 0.727742
2980 0.995841 0.21456 0.776064
2990 0.995841 0.176408 0.76554
3000 0.995841 0.326308 0.729474
