0 0.412946 0.101214 0.258046
100 0.960277 0.780051 0.92802
200 0.994328 0.908204 0.980789
300 0.995053 0.844026 0.971085
400 0.998215 0.863186 0.984013
500 0.999618 0.83588 0.980227
600 0.999775 0.886246 0.986879
700 0.999878 0.847875 0.974344
800 0.99998 0.819053 0.983367
900 1.00008 0.886392 0.987786
1000 1.0001 0.83699 0.975057
1100 1.00013 0.848399 0.980622
1200 1.00014 0.869704 0.981612
1300 1.00022 0.886424 0.985561
1400 1.00038 0.918007 0.987856
1500 1.00041 0.875168 0.980753
1600 1.00043 0.899012 0.990044
1700 1.00045 0.887187 0.98515
1800 1.0005 0.915141 0.985248
1900 1.00051 0.857864 0.987565
2000 1.00051 0.916948 0.987302
2100 1.00054 0.907341 0.988277
2200 1.00056 0.897125 0.986676
2300 1.00056 0.870963 0.991339
2400 1.00062 0.890927 0.979675
2500 1.00065 0.876508 0.984898
2600 1.00066 0.891774 0.987936
2700 1.00066 0.92512 0.987081
2800 1.00066 0.874681 0.980605
2900 1.00066 0.886339 0.989865
3000 1.00066 0.903296 0.990691
3100 1.00067 0.853347 0.970596
3200 1.00067 0.906202 0.983452
3300 1.00067 0.881476 0.980254
3400 1.00069 0.91863 0.9861
3500 1.00069 0.894563 0.986062
3600 1.00069 0.942892 0.992418
3700 1.00069 0.940808 0.995908
3800 1.00069 0.872068 0.977358
3900 1.00069 0.897389 0.989265
4000 1.00069 0.882045 0.98597
4100 1.00069 0.900556 0.986364
4200 1.00069 0.89648 0.985329
4300 1.00069 0.87673 0.983282
4400 1.00069 0.916055 0.989287
4500 1.00073 0.928426 0.994187
4600 1.00077 0.840777 0.985521
4700 1.00077 0.856497 0.985011
4800 1.00077 0.868433 0.978784
4900 1.00077 0.928299 0.993401
5000 1.00077 0.853029 0.987124
5100 1.00077 0.900672 0.98187
5200 1.00077 0.851793 0.975663
5300 1.00077 0.865492 0.985526
5400 1.00077 0.880341 0.981947
5500 1.00077 0.84822 0.987446
5600 1.00077 0.868155 0.981515
5700 1.00077 0.894402 0.990932
5800 1.00077 0.908202 0.989118
5900 1.00077 0.892586 0.991335
6000 1.00077 0.872383 0.988575
6100 1.00077 0.917631 0.985907
6200 1.00077 0.918463 0.988314
6300 1.00077 0.898213 0.989157
6400 1.00077 0.888495 0.985917
6500 1.00077 0.902185 0.988359
6600 1.00084 0.807312 0.975285
6700 1.00084 0.853283 0.981175
6800 1.00084 0.855759 0.987362
6900 1.00085 0.907058 0.98831
7000 1.00086 0.809417 0.971569
7100 1.00086 0.926111 0.99381
7200 1.00087 0.901319 0.98633
7300 1.00087 0.885506 0.983838
7400 1.00088 0.929327 0.997964
7500 1.00088 0.897141 0.990721
7600 1.00088 0.853722 0.983936
7700 1.00088 0.885815 0.98713
7800 1.00088 0.88231 0.980215
7900 1.00088 0.878595 0.982657
8000 1.00088 0.859549 0.981172
8100 1.00088 0.891228 0.987763
8200 1.00091 0.871929 0.977522
8300 1.00091 0.889276 0.980367
8400 1.00091 0.903517 0.98742
8500 1.00091 0.904006 0.992374
8600 1.00091 0.792416 0.985189
8700 1.00091 0.887643 0.984603
8800 1.00091 0.83931 0.982173
8900 1.00091 0.910483 0.99106
9000 1.00091 0.811693 0.97614
9100 1.00091 0.879018 0.981596
9200 1.00091 0.919007 0.983274
9300 1.00091 0.902534 0.988671
9400 1.00091 0.89441 0.991268
9500 1.00091 0.828847 0.978701
9600 1.00091 0.832963 0.992416
9700 1.00091 0.907249 0.984454
9800 1.00091 0.863306 0.993831
9900 1.00091 0.829664 0.978054
10000 1.00091 0.911928 0.989876
