0 0.394825 0.0834666 0.265127
10 0.623026 0.367403 0.502326
20 0.734799 0.347481 0.623468
30 0.810343 0.527333 0.700793
40 0.828626 0.59206 0.745256
50 0.891813 0.651314 0.781802
60 0.905055 0.669307 0.829271
70 0.910872 0.637051 0.841548
80 0.92756 0.670633 0.838322
90 0.932277 0.635075 0.85299
100 0.934171 0.70247 0.841671
110 0.935622 0.632598 0.838222
120 0.948564 0.644199 0.84943
130 0.950089 0.623727 0.858416
140 0.950132 0.599144 0.855077
150 0.961341 0.649898 0.859933
160 0.965598 0.66318 0.86341
170 0.967371 0.677665 0.862098
180 0.968139 0.726147 0.896407
190 0.969854 0.701574 0.89288
200 0.96986 0.679779 0.86651
210 0.984197 0.718244 0.891051
220 0.98823 0.673696 0.882558
230 0.98823 0.687722 0.89698
240 0.98908 0.714451 0.884612
250 0.990289 0.63931 0.891374
260 0.990994 0.646206 0.890662
270 0.990994 0.664853 0.905552
280 0.990994 0.706237 0.888589
290 0.991615 0.686081 0.913544
300 0.991632 0.664578 0.917993
310 0.991652 0.745991 0.911653
320 0.991661 0.714218 0.898107
330 0.991661 0.77641 0.929465
340 0.993727 0.765068 0.921689
350 0.993729 0.730397 0.912018
360 0.993729 0.718252 0.921628
370 0.993743 0.682213 0.912431
380 0.993743 0.72685 0.898264
390 0.995136 0.727874 0.90325
400 0.996233 0.755399 0.928144
410 0.996233 0.628089 0.895153
420 0.996233 0.707697 0.907133
430 0.996233 0.726174 0.890827
440 0.996233 0.66579 0.900003
450 0.996233 0.73963 0.909612
460 0.996512 0.6754 0.895471
470 0.996517 0.791322 0.923162
480 0.997693 0.752734 0.90682
490 0.997693 0.747814 0.902516
500 0.997693 0.670533 0.90583
510 0.997722 0.747851 0.8948
520 0.997722 0.679961 0.889108
530 0.997733 0.761659 0.910883
540 0.997733 0.731197 0.915845
550 0.997733 0.689589 0.893164
560 0.997733 0.68821 0.907554
570 0.997733 0.690406 0.904573
580 0.997733 0.751739 0.904389
590 0.997733 0.752023 0.900748
600 0.99781 0.726122 0.926196
610 0.99783 0.618122 0.9007
620 0.999108 0.709952 0.915859
630 0.999108 0.679863 0.880811
640 0.999199 0.675432 0.889651
650 0.999205 0.753909 0.917846
660 0.99923 0.819827 0.935987
670 0.999273 0.751794 0.917264
680 0.999274 0.731709 0.905921
690 0.999309 0.713175 0.923869
700 0.999309 0.747674 0.926342
710 0.999309 0.723518 0.92276
720 0.999309 0.72819 0.910745
730 0.999309 0.618085 0.908404
740 0.999309 0.601247 0.884578
750 0.999376 0.749978 0.925677
760 0.999376 0.756774 0.905601
770 0.999376 0.731851 0.906783
780 0.999546 0.697886 0.890332
790 0.999546 0.746113 0.910945
800 0.999546 0.806064 0.929946
810 0.999547 0.698339 0.908043
820 0.999547 0.627175 0.894629
830 0.999547 0.759191 0.911262
840 0.999547 0.773115 0.925917
850 0.999547 0.768009 0.912659
860 0.999547 0.657408 0.899353
870 0.999547 0.649523 0.900216
880 0.999575 0.755417 0.907568
890 0.99961 0.742866 0.925544
900 0.999645 0.781661 0.928132
910 0.999645 0.74798 0.914889
920 0.999645 0.721255 0.880429
930 0.999645 0.654598 0.902498
940 0.999645 0.623473 0.880002
950 0.999645 0.759172 0.903951
960 0.999645 0.720203 0.898828
970 0.999645 0.756224 0.928297
980 0.999645 0.737548 0.893996
990 0.999645 0.692435 0.910745
1000 0.999645 0.704317 0.906416
1010 0.999645 0.740119 0.898179
1020 0.999645 0.776386 0.921698
1030 0.999645 0.71854 0.924211
1040 0.999645 0.743967 0.916111
1050 0.999645 0.707281 0.895564
1060 0.999645 0.737302 0.915066
1070 0.999645 0.673731 0.885446
1080 0.999645 0.717364 0.915875
1090 0.999645 0.727545 0.90049
1100 0.999645 0.725495 0.9024
1110 0.999645 0.719921 0.879418
1120 0.999658 0.583141 0.854547
1130 0.999658 0.722135 0.926593
1140 0.999658 0.724327 0.922908
1150 0.999658 0.797701 0.936789
1160 0.999734 0.710636 0.909321
1170 0.999734 0.722739 0.906071
1180 0.999734 0.755274 0.924499
1190 0.999734 0.678392 0.879049
1200 0.999734 0.670959 0.900383
1210 0.999734 0.71876 0.912714
1220 0.999734 0.669915 0.903191
1230 0.999734 0.728421 0.904285
1240 0.999734 0.741401 0.919389
1250 0.999734 0.640662 0.871639
1260 0.999734 0.734184 0.892222
1270 0.999734 0.684552 0.895646
1280 0.999734 0.776343 0.915433
1290 0.999734 0.719804 0.91698
1300 0.999734 0.737817 0.904474
1310 0.999734 0.692398 0.8839
1320 0.999784 0.737633 0.910215
1330 0.999784 0.74921 0.918562
1340 0.999784 0.65836 0.905383
1350 0.999784 0.768739 0.921401
1360 0.999784 0.757827 0.900675
1370 0.999793 0.719888 0.920316
1380 0.999793 0.768743 0.924118
1390 0.999793 0.755955 0.922147
1400 0.999798 0.724875 0.924774
1410 0.999802 0.643005 0.884093
1420 1.00003 0.675948 0.89162
1430 1.00003 0.628531 0.872511
1440 1.00003 0.755055 0.92053
1450 1.00003 0.677641 0.889311
1460 1.00003 0.713995 0.925382
1470 1.00003 0.752395 0.910108
1480 1.00004 0.681494 0.870786
1490 1.00004 0.708691 0.906432
1500 1.00004 0.703953 0.895998
1510 1.00004 0.616802 0.922785
1520 1.00004 0.709556 0.909751
1530 1.00004 0.697767 0.915602
1540 1.00004 0.643876 0.895587
1550 1.00007 0.737631 0.919259
1560 1.00007 0.744778 0.907092
1570 1.00007 0.662761 0.913614
1580 1.00007 0.725749 0.898078
1590 1.00007 0.684096 0.908038
1600 1.00007 0.748007 0.904206
1610 1.00007 0.670879 0.898158
1620 1.00008 0.744249 0.922395
1630 1.00008 0.727766 0.907814
1640 1.00009 0.735832 0.905061
1650 1.00009 0.760033 0.894753
1660 1.00009 0.726745 0.921125
1670 1.00009 0.630623 0.853977
1680 1.00017 0.68453 0.918013
1690 1.00017 0.679312 0.898699
1700 1.00017 0.742238 0.911926
1710 1.00017 0.742501 0.893513
1720 1.00017 0.735207 0.915436
1730 1.00017 0.620012 0.896369
1740 1.00017 0.709637 0.917905
1750 1.00017 0.72019 0.898935
1760 1.00017 0.709516 0.923276
1770 1.00017 0.683834 0.911362
1780 1.00017 0.732104 0.920997
1790 1.00017 0.668123 0.902086
1800 1.00017 0.577991 0.892498
1810 1.00017 0.67911 0.904032
1820 1.00017 0.693206 0.908283
1830 1.00017 0.71569 0.892144
1840 1.00017 0.709979 0.918965
1850 1.00017 0.781796 0.924537
1860 1.00017 0.728407 0.918548
1870 1.00017 0.660546 0.885485
1880 1.00017 0.713649 0.90963
1890 1.00017 0.740851 0.931657
1900 1.00017 0.73624 0.906744
1910 1.00017 0.725559 0.908295
1920 1.00017 0.736402 0.91538
1930 1.00017 0.620661 0.899135
1940 1.00017 0.754099 0.917713
1950 1.00017 0.721185 0.906507
1960 1.00017 0.754722 0.912974
1970 1.00018 0.750727 0.906401
1980 1.00018 0.630947 0.882608
1990 1.00018 0.721906 0.910308
2000 1.00018 0.734414 0.916527
