0 0.410375 0.153555 0.267055
100 0.959925 0.882197 0.943244
200 0.987798 0.893975 0.974536
300 0.992794 0.905884 0.98228
400 0.995636 0.852561 0.987295
500 0.997861 0.895334 0.982498
600 0.998024 0.892805 0.981199
700 0.999078 0.774241 0.991033
800 0.999113 0.878868 0.978188
900 0.99945 0.897226 0.986024
1000 0.999481 0.887474 0.973204
1100 0.999491 0.810439 0.981515
1200 0.999525 0.805706 0.978681
1300 0.999601 0.837688 0.982407
1400 1.0001 0.905376 0.988222
1500 1.00012 0.912127 0.983716
1600 1.00013 0.850377 0.975127
1700 1.0002 0.870048 0.974557
1800 1.00021 0.89754 0.990822
1900 1.00025 0.925754 0.989298
2000 1.00025 0.866627 0.983263
2100 1.00032 0.878371 0.986361
2200 1.00035 0.909029 0.982961
2300 1.00035 0.902392 0.984063
2400 1.00035 0.850894 0.99226
2500 1.00035 0.900505 0.98642
2600 1.00035 0.870897 0.985748
2700 1.00035 0.848253 0.977839
2800 1.00035 0.875139 0.989063
2900 1.00035 0.895418 0.989496
3000 1.00036 0.862101 0.990045
3100 1.00036 0.86826 0.979966
3200 1.00036 0.87023 0.987663
3300 1.00038 0.909891 0.986652
3400 1.00038 0.932228 0.988171
3500 1.00038 0.789441 0.976143
3600 1.00039 0.899119 0.985475
3700 1.00039 0.892164 0.983546
3800 1.00039 0.865734 0.976649
3900 1.00039 0.865922 0.987394
4000 1.00039 0.902533 0.989279
4100 1.00042 0.90229 0.989992
4200 1.00043 0.891097 0.981722
4300 1.00052 0.86802 0.987511
4400 1.00056 0.889384 0.989767
4500 1.00061 0.921105 0.993201
4600 1.00062 0.875303 0.988357
4700 1.00062 0.834957 0.979034
4800 1.00062 0.920954 0.997328
4900 1.00066 0.869771 0.98464
5000 1.00067 0.877748 0.982757
5100 1.00068 0.914901 0.991836
5200 1.00068 0.89944 0.989731
5300 1.00075 0.871832 0.979457
5400 1.00075 0.861577 0.981348
5500 1.00075 0.915723 0.986316
5600 1.00076 0.871948 0.977343
5700 1.00076 0.862291 0.982141
5800 1.00076 0.878261 0.986362
5900 1.00077 0.873152 0.984966
6000 1.00077 0.866746 0.98372
6100 1.00077 0.845293 0.980275
6200 1.00077 0.936627 0.993125
6300 1.00077 0.902291 0.987192
6400 1.00077 0.863526 0.980141
6500 1.00077 0.894122 0.995415
6600 1.00077 0.889632 0.978828
6700 1.00077 0.88284 0.984709
6800 1.00077 0.870069 0.980567
6900 1.00077 0.879563 0.986022
7000 1.00077 0.868042 0.98324
7100 1.00077 0.893725 0.987664
7200 1.00077 0.897266 0.989169
7300 1.00077 0.861185 0.980776
7400 1.00077 0.903683 0.9895
7500 1.00077 0.860695 0.979985
7600 1.00077 0.842129 0.979729
7700 1.00077 0.850517 0.981373
7800 1.00077 0.901797 0.985588
7900 1.00077 0.907437 0.989811
8000 1.00077 0.831361 0.98475
8100 1.00077 0.827275 0.972623
8200 1.00077 0.899237 0.991896
8300 1.00077 0.860831 0.978718
8400 1.00077 0.900106 0.982002
8500 1.00077 0.843799 0.986115
8600 1.00077 0.887006 0.982897
8700 1.00077 0.846934 0.974536
8800 1.00077 0.896667 0.973388
8900 1.00077 0.902001 0.993312
9000 1.00077 0.849212 0.976402
9100 1.00077 0.904638 0.989169
9200 1.00077 0.900967 0.984105
9300 1.00077 0.877127 0.974699
9400 1.00077 0.8933 0.991499
9500 1.00077 0.856351 0.988196
9600 1.00077 0.896104 0.980953
9700 1.00077 0.919256 0.987504
9800 1.00077 0.842981 0.978397
9900 1.00077 0.914674 0.988874
10000 1.00077 0.836507 0.986571
