0 0.673002 0 0.278755
100 0.990335 0.0609034 0.606836
200 0.999475 0.304702 0.701889
300 0.999475 0.19392 0.704549
400 0.999475 0.270924 0.675718
500 1.00255 0.251059 0.738969
600 1.00317 0.0510842 0.756044
700 1.00317 0.168857 0.661217
800 1.00317 0.199176 0.695798
900 1.00317 0.100592 0.682976
1000 1.00317 0.20862 0.733563
1100 1.00437 0.191904 0.708167
1200 1.00437 0.130922 0.6602
1300 1.00437 0.170105 0.753375
1400 1.00437 0.215907 0.736019
1500 1.00437 0.163021 0.725828
1600 1.00437 0.145724 0.665538
1700 1.00437 0.148323 0.736086
1800 1.00437 0.0812296 0.622457
1900 1.00437 0.20333 0.634151
2000 1.00437 0.275906 0.790351
2100 1.00437 0.159038 0.714553
2200 1.00437 0.102922 0.73802
2300 1.00437 0.159242 0.717342
2400 1.00437 0.176948 0.668415
2500 1.00437 0.175431 0.727592
2600 1.00437 0.182663 0.801478
2700 1.00437 0.191001 0.675063
2800 1.00437 0.155835 0.653217
2900 1.00437 0.285166 0.693162
3000 1.00437 0.174905 0.644975
3100 1.00437 0.138523 0.733274
3200 1.00437 0.0134346 0.676156
3300 1.00437 0.295415 0.738344
3400 1.00437 0.165365 0.741093
3500 1.00437 0.216683 0.691321
3600 1.00437 0.293912 0.686247
3700 1.00437 0.0359561 0.725867
3800 1.00437 0.125183 0.686862
3900 1.00437 0.177642 0.656063
4000 1.00437 0.146431 0.629991
4100 1.00725 0.129235 0.66838
4200 1.00727 0.230909 0.76133
4300 1.00727 0.017256 0.618342
4400 1.00755 0.184571 0.716281
4500 1.00755 0.192877 0.651025
4600 1.00755 0.159955 0.725879
4700 1.00755 0.232133 0.767999
4800 1.00755 0.185174 0.74348
4900 1.00755 0.171738 0.703111
5000 1.00755 0.205949 0.678928
5100 1.00755 0.175545 0.588533
5200 1.00755 0.0951057 0.679798
5300 1.00755 0.235356 0.720403
5400 1.00755 0.244269 0.771386
5500 1.00755 0.235258 0.771735
5600 1.00755 0.289698 0.712722
5700 1.00755 0.142295 0.682295
5800 1.00755 0.192632 0.713149
5900 1.00755 0.0206229 0.676911
6000 1.00755 0.0619799 0.646813
6100 1.00755 0.195688 0.736741
6200 1.00755 0.0841113 0.661237
6300 1.00755 0.258858 0.757481
6400 1.00755 0.0434122 0.739291
6500 1.00755 0.197026 0.727448
6600 1.00755 0.291669 0.682641
6700 1.00755 0.146212 0.623853
6800 1.00755 0.244731 0.695049
6900 1.00755 0.363874 0.789336
7000 1.00755 0.168989 0.718768
7100 1.00755 0.0138127 0.667351
7200 1.00755 0.161951 0.667779
7300 1.00776 0.218718 0.748222
7400 1.00776 0.0962019 0.699284
7500 1.00776 0.333162 0.74782
7600 1.00776 0.28576 0.855817
7700 1.00776 0.0802041 0.671181
7800 1.00776 0.274176 0.758657
7900 1.00776 0.200036 0.743869
8000 1.00776 0.0866693 0.662945
8100 1.00776 0.162427 0.651318
8200 1.00776 0.269488 0.67554
8300 1.00776 0.165967 0.696502
8400 1.00776 0.126065 0.726826
8500 1.00776 0.0957005 0.647167
8600 1.00776 0.11096 0.681115
8700 1.00776 0.193131 0.711082
8800 1.00776 0.133412 0.703341
8900 1.00776 0.0438687 0.624341
9000 1.00776 0.0670026 0.639291
9100 1.00776 0.0929925 0.620555
9200 1.00776 0.238538 0.672061
9300 1.00776 0.208188 0.758572
9400 1.00776 0.162427 0.706675
9500 1.00776 0.26977 0.791124
9600 1.00776 0.152931 0.695019
9700 1.00776 0.114606 0.596478
9800 1.00776 0.166254 0.742851
9900 1.00776 0.0444567 0.698097
10000 1.00776 0.207423 0.68512
