0 0.418258 0.139567 0.277649
100 0.971382 0.825664 0.934441
200 0.991376 0.878894 0.976837
300 0.994252 0.848848 0.979238
400 0.997474 0.887767 0.982077
500 0.998157 0.887767 0.984393
600 0.998322 0.857659 0.978092
700 0.998459 0.864678 0.98107
800 0.999838 0.900363 0.983663
900 0.999902 0.87075 0.980105
1000 0.999938 0.881035 0.978148
1100 1.0002 0.894035 0.981024
1200 1.00029 0.891759 0.990412
1300 1.00038 0.825938 0.979794
1400 1.00045 0.846165 0.97892
1500 1.0005 0.908675 0.985713
1600 1.0005 0.860717 0.97571
1700 1.00055 0.91484 0.991267
1800 1.00055 0.892259 0.984297
1900 1.00064 0.927171 0.995897
2000 1.0007 0.919553 0.989321
2100 1.0007 0.875433 0.986325
2200 1.00073 0.897018 0.989329
2300 1.00074 0.882776 0.98918
2400 1.00074 0.896522 0.991829
2500 1.00074 0.929238 0.99275
2600 1.00075 0.935789 0.996533
2700 1.00076 0.948681 0.997363
2800 1.00082 0.840632 0.986679
2900 1.0009 0.875831 0.988073
3000 1.00095 0.896451 0.987949
3100 1.00098 0.936502 0.991813
3200 1.00099 0.907796 0.98346
3300 1.00099 0.90391 0.987679
3400 1.00099 0.920096 0.988041
3500 1.00099 0.92166 0.990542
3600 1.001 0.884704 0.984917
3700 1.001 0.829409 0.988193
3800 1.001 0.8934 0.984523
3900 1.00101 0.887105 0.98494
4000 1.00101 0.918543 0.986042
4100 1.00101 0.916928 0.984743
4200 1.00103 0.886563 0.992682
4300 1.00108 0.925168 0.984489
4400 1.00112 0.883794 0.981271
4500 1.00112 0.872238 0.988063
4600 1.00112 0.833544 0.986647
4700 1.00112 0.873623 0.984535
4800 1.00115 0.855247 0.992431
4900 1.00115 0.88638 0.990003
5000 1.00117 0.917957 0.994378
5100 1.00121 0.908732 0.984931
5200 1.00121 0.867443 0.986146
5300 1.00121 0.926227 0.986674
5400 1.00121 0.859504 0.978666
5500 1.00121 0.855392 0.987758
5600 1.00121 0.906252 0.983292
5700 1.00121 0.892956 0.990132
5800 1.00121 0.900254 0.98968
5900 1.00121 0.910711 0.988964
6000 1.00121 0.892956 0.984708
6100 1.00121 0.90056 0.986258
6200 1.00121 0.902739 0.987693
6300 1.00121 0.852112 0.987232
6400 1.00121 0.890605 0.983282
6500 1.00121 0.892775 0.98522
6600 1.00121 0.936057 0.993356
6700 1.00121 0.91984 0.993643
6800 1.00121 0.900449 0.995914
6900 1.00121 0.922402 0.997457
7000 1.00121 0.874777 0.985881
7100 1.00121 0.891214 0.986107
7200 1.00121 0.81661 0.98537
7300 1.00121 0.929665 0.996499
7400 1.00121 0.816282 0.988079
7500 1.00121 0.895447 0.977888
7600 1.00121 0.880143 0.983095
7700 1.00121 0.918904 0.993312
7800 1.00121 0.900436 0.987618
7900 1.00121 0.903759 0.98735
8000 1.00121 0.879328 0.983626
8100 1.00121 0.853449 0.987016
8200 1.00121 0.878092 0.97855
8300 1.00121 0.818427 0.969669
8400 1.00121 0.891907 0.987257
8500 1.00121 0.83743 0.978545
8600 1.00121 0.873216 0.986772
8700 1.00121 0.867948 0.984121
8800 1.00121 0.814312 0.981116
8900 1.00121 0.896156 0.976446
9000 1.00121 0.872932 0.985601
9100 1.00121 0.909518 0.984714
9200 1.00121 0.911874 0.990151
9300 1.00121 0.914508 0.990994
9400 1.00121 0.868003 0.988915
9500 1.00121 0.893448 0.982711
9600 1.00121 0.928199 0.992025
9700 1.00121 0.879056 0.988678
9800 1.00121 0.906118 0.990225
9900 1.00121 0.810237 0.979966
10000 1.00121 0.912539 0.992623
