0 0.628745 0 0.219463
10 0.884138 0.611185 0.870565
20 0.947232 0.524942 0.89284
30 0.947232 0.947232 0.947232
40 0.947232 0.454045 0.927681
50 0.947232 0.947232 0.947232
60 0.947232 0.511744 0.916785
70 0.948443 0.44514 0.923661
80 0.948443 0.424981 0.90684
90 0.949087 0.949087 0.949087
100 0.949087 0.385264 0.914887
110 0.989751 0.949368 0.98329
120 0.989751 0.602586 0.96753
130 0.989751 0.556121 0.960852
140 0.989751 0.989751 0.989751
150 0.989751 0.717119 0.984299
160 0.989751 0.59379 0.969952
170 0.989751 0.440816 0.938135
180 0.989751 0.7496 0.973054
190 0.989751 0.989751 0.989751
200 0.989751 0.566706 0.943517
210 0.989751 0.989751 0.989751
220 0.989751 0.576749 0.965882
230 0.989751 0.634207 0.968899
240 0.989751 0.989751 0.989751
250 0.989751 0.989751 0.989751
260 0.989751 0.578292 0.950818
270 0.989751 0.650565 0.977486
280 0.989751 0.708365 0.978496
290 0.989751 0.556121 0.957825
300 0.989751 0.32774 0.924914
310 0.989751 0.52974 0.924641
320 0.989751 0.625712 0.967092
330 0.989751 0.989751 0.989751
340 0.989751 0.73317 0.973302
350 0.989751 0.625712 0.966788
360 0.989751 0.989751 0.989751
370 0.989751 0.749062 0.980272
380 0.989751 0.717119 0.984299
390 0.989751 0.989751 0.989751
400 0.989751 0.574493 0.963396
410 0.989751 0.589207 0.962669
420 0.989751 0.52974 0.936047
430 0.989751 0.749062 0.964352
440 0.989751 0.480668 0.952097
450 0.989751 0.556121 0.962193
460 0.989751 0.650342 0.973942
470 0.989751 0.697188 0.962583
480 0.989751 0.574493 0.973044
490 0.989751 0.989751 0.989751
500 0.989751 0.576749 0.953918
510 0.989751 0.989751 0.989751
520 0.989751 0.82689 0.986494
530 0.989751 0.643281 0.977573
540 0.989751 0.989751 0.989751
550 0.989751 0.633364 0.973373
560 0.989751 0.59379 0.977018
570 0.989751 0.989751 0.989751
580 0.989751 0.989751 0.989751
590 0.989751 0.603023 0.960309
600 0.989751 0.578292 0.957426
610 0.989751 0.549281 0.974618
620 0.989751 0.82689 0.986494
630 0.989751 0.989751 0.989751
640 0.989751 0.989751 0.989751
650 0.989751 0.581145 0.96403
660 0.989751 0.661477 0.976983
670 0.989751 0.989751 0.989751
680 0.989751 0.989751 0.989751
690 0.989751 0.479532 0.955351
700 0.989751 0.688388 0.980618
710 0.989751 0.418782 0.968031
720 0.989751 0.479532 0.971931
730 0.989751 0.556121 0.951096
740 0.989751 0.989751 0.989751
750 0.989751 0.989751 0.989751
760 0.989751 0.52356 0.964069
770 0.989751 0.666206 0.960186
780 0.989751 0.589207 0.980052
790 0.989751 0.716638 0.974739
800 0.989751 0.989751 0.989751
810 0.989751 0.363973 0.897905
820 0.989751 0.556121 0.95169
830 0.989751 0.989751 0.989751
840 0.989751 0.989751 0.989751
850 0.989751 0.989751 0.989751
860 0.989751 0.989751 0.989751
870 0.989751 0.989751 0.989751
880 0.989751 0.720031 0.982298
890 0.989751 0.989751 0.989751
900 0.989751 0.745765 0.984872
910 0.989751 0.39767 0.947469
920 0.989751 0.602586 0.965387
930 0.989751 0.73317 0.98462
940 0.989751 0.685027 0.96208
950 0.989751 0.989751 0.989751
960 0.989751 0.558276 0.955263
970 0.989751 0.479532 0.939916
980 0.989751 0.989751 0.989751
990 0.989751 0.418782 0.977424
1000 0.989751 0.989751 0.989751
1010 0.989751 0.625712 0.982471
1020 0.989751 0.629897 0.973403
1030 0.989751 0.418782 0.959058
1040 0.989751 0.989751 0.989751
1050 0.989751 0.569211 0.956704
1060 0.989751 0.418782 0.955652
1070 0.989751 0.589207 0.935048
1080 0.989751 0.418782 0.944361
1090 0.989751 0.989751 0.989751
1100 0.989751 0.480668 0.946178
1110 0.989751 0.418782 0.937141
1120 0.989751 0.989751 0.989751
1130 0.989751 0.989751 0.989751
1140 0.989751 0.989751 0.989751
1150 0.989751 0.707199 0.973185
1160 0.989751 0.668207 0.967501
1170 0.989751 0.480611 0.950616
1180 0.989751 0.989751 0.989751
1190 0.989751 0.989751 0.989751
1200 0.989751 0.989751 0.989751
1210 0.989751 0.697188 0.976963
1220 0.989751 0.556121 0.945995
1230 0.989751 0.989751 0.989751
1240 0.989751 0.989751 0.989751
1250 0.989751 0.64686 0.973849
1260 0.989751 0.989751 0.989751
1270 0.989751 0.418782 0.960131
1280 0.989751 0.782155 0.984313
1290 0.989751 0.745905 0.980209
1300 0.989751 0.526705 0.944342
1310 0.989751 0.806261 0.986082
1320 0.989751 0.618289 0.973811
1330 0.989751 0.52974 0.937661
1340 0.989751 0.989751 0.989751
1350 0.989751 0.634207 0.975857
1360 0.989751 0.989751 0.989751
1370 0.989751 0.711415 0.963843
1380 0.989751 0.989751 0.989751
1390 0.989751 0.989751 0.989751
1400 0.989751 0.57671 0.92114
1410 0.989751 0.989751 0.989751
1420 0.989751 0.989751 0.989751
1430 0.989751 0.59379 0.929521
1440 0.989751 0.418782 0.939175
1450 0.989751 0.565653 0.927468
1460 0.989751 0.989751 0.989751
1470 0.989751 0.989751 0.989751
1480 0.989751 0.556121 0.917689
1490 0.989751 0.989751 0.989751
1500 0.989751 0.381627 0.916888
1510 0.989751 0.989751 0.989751
1520 0.989751 0.639286 0.97203
1530 0.989751 0.989751 0.989751
1540 0.989751 0.71684 0.98341
1550 0.989751 0.59379 0.944116
1560 0.989751 0.57671 0.947091
1570 0.989751 0.479532 0.958609
1580 0.989751 0.42653 0.907343
1590 0.989751 0.527731 0.93828
1600 0.989751 0.480668 0.958982
1610 0.989751 0.711415 0.980319
1620 0.989751 0.568787 0.959931
1630 0.989751 0.650342 0.973666
1640 0.989751 0.625712 0.982471
1650 0.989751 0.504666 0.956454
1660 0.989751 0.52974 0.948918
1670 0.989751 0.480668 0.964476
1680 0.989751 0.745765 0.984872
1690 0.989751 0.518278 0.962667
1700 0.989751 0.722574 0.968377
1710 0.989751 0.989751 0.989751
1720 0.989751 0.989751 0.989751
1730 0.989751 0.65392 0.963854
1740 0.989751 0.574493 0.914029
1750 0.989751 0.989751 0.989751
1760 0.989751 0.666206 0.969036
1770 0.989751 0.669831 0.951947
1780 0.989751 0.989751 0.989751
1790 0.989751 0.745905 0.981772
1800 0.989751 0.52974 0.952348
1810 0.989751 0.625712 0.96313
1820 0.989751 0.989751 0.989751
1830 0.989751 0.989751 0.989751
1840 0.989751 0.479532 0.928241
1850 0.989751 0.59379 0.965057
1860 0.989751 0.7496 0.984948
1870 0.989751 0.668398 0.966129
1880 0.989751 0.989751 0.989751
1890 0.989751 0.479532 0.960763
1900 0.989751 0.989751 0.989751
1910 0.989751 0.620478 0.962225
1920 0.989751 0.938289 0.988722
1930 0.989751 0.788235 0.985721
1940 0.989751 0.288756 0.895174
1950 0.989751 0.575651 0.981469
1960 0.989751 0.57671 0.943577
1970 0.989751 0.621138 0.964417
1980 0.989751 0.629897 0.967954
1990 0.989751 0.584074 0.970925
2000 0.989751 0.504183 0.969771
