9 0.523743 0.396114 0.482299
19 0.637362 0.558191 0.60939
29 0.727088 0.646817 0.699112
39 0.793941 0.697406 0.766899
49 0.831303 0.745802 0.80983
59 0.849293 0.766547 0.831594
69 0.872734 0.778578 0.853671
79 0.891349 0.808812 0.872815
89 0.905497 0.818043 0.886717
99 0.914247 0.822893 0.897896
109 0.925471 0.83999 0.911676
119 0.930264 0.838412 0.914236
129 0.940491 0.85021 0.921458
139 0.948619 0.859826 0.930069
149 0.953196 0.871765 0.940309
159 0.959069 0.869347 0.941753
169 0.960583 0.874376 0.946948
179 0.965963 0.864929 0.945989
189 0.966892 0.857263 0.946633
199 0.968509 0.873778 0.952039
209 0.971683 0.906234 0.962645
219 0.976737 0.899816 0.961094
229 0.977184 0.883023 0.960452
239 0.97873 0.880574 0.958166
249 0.978874 0.899068 0.961803
259 0.979206 0.891565 0.962968
269 0.980363 0.891031 0.964463
279 0.980613 0.909039 0.970313
289 0.983229 0.900719 0.969615
299 0.984142 0.886946 0.971929
309 0.98485 0.896561 0.969061
319 0.985438 0.894188 0.966769
329 0.985595 0.888664 0.969729
339 0.985841 0.887261 0.969607
349 0.986558 0.897791 0.970217
359 0.986904 0.901195 0.972258
369 0.987042 0.888006 0.968314
379 0.987067 0.903338 0.973836
389 0.987896 0.892097 0.967922
399 0.987913 0.891717 0.971428
409 0.989035 0.90149 0.974436
419 0.989169 0.902888 0.974172
429 0.989353 0.906004 0.975184
439 0.989626 0.893783 0.97383
449 0.98976 0.910726 0.976274
459 0.9903 0.925263 0.978935
469 0.990677 0.881098 0.970914
479 0.990785 0.887482 0.974027
489 0.992792 0.919558 0.981368
499 0.992796 0.886101 0.974951
509 0.992976 0.883173 0.97153
519 0.994033 0.899881 0.979874
529 0.994142 0.909779 0.979884
539 0.994214 0.921052 0.983883
549 0.99429 0.903909 0.979282
559 0.99464 0.900904 0.975771
569 0.994656 0.900741 0.978984
579 0.996095 0.896887 0.980242
589 0.996099 0.916049 0.981274
599 0.996376 0.899895 0.980227
609 0.996419 0.917449 0.981033
619 0.996505 0.903621 0.981768
629 0.996539 0.900258 0.979522
639 0.996671 0.903132 0.979078
649 0.996682 0.931995 0.986017
659 0.996688 0.888073 0.980541
669 0.996764 0.882109 0.976062
679 0.996911 0.911873 0.977222
689 0.997055 0.90416 0.982305
699 0.99707 0.897217 0.978247
709 0.997083 0.899062 0.979001
719 0.997109 0.911263 0.982003
729 0.997119 0.909532 0.982171
739 0.997129 0.901265 0.979401
749 0.997152 0.910151 0.981333
759 0.997162 0.905892 0.979808
769 0.997437 0.891642 0.980955
779 0.997438 0.906857 0.97928
789 0.997457 0.90108 0.981079
799 0.997475 0.902788 0.982163
809 0.997622 0.896749 0.978212
819 0.99763 0.90275 0.981279
829 0.997701 0.895421 0.97553
839 0.997706 0.901664 0.977653
849 0.997716 0.915623 0.981208
859 0.997729 0.880298 0.974819
869 0.997787 0.915197 0.983363
879 0.997853 0.886705 0.97506
889 0.997853 0.903437 0.984328
899 0.997868 0.890599 0.976173
909 0.997876 0.919831 0.985542
919 0.997945 0.901341 0.983827
929 0.99795 0.900209 0.981257
939 0.99796 0.903194 0.981511
949 0.997967 0.902008 0.977426
959 0.997971 0.909963 0.983436
969 0.997971 0.929324 0.987167
979 0.99798 0.907863 0.98132
989 0.997989 0.913529 0.979344
999 0.998236 0.91377 0.985113
1009 0.998241 0.908316 0.983125
1019 0.998247 0.91304 0.986246
1029 0.998247 0.92144 0.987934
1039 0.998248 0.899675 0.982792
1049 0.998256 0.877902 0.975092
1059 0.998358 0.923584 0.985854
1069 0.998476 0.902533 0.980507
1079 0.998476 0.908841 0.982809
1089 0.998604 0.90594 0.981173
1099 0.998605 0.889046 0.980488
1109 0.998622 0.912213 0.985414
1119 0.998656 0.894208 0.98192
1129 0.998692 0.884031 0.978984
1139 0.998711 0.906852 0.980505
1149 0.998713 0.905022 0.980996
1159 0.998713 0.899924 0.985921
1169 0.998715 0.90745 0.982029
1179 0.998723 0.91399 0.983427
1189 0.998733 0.908039 0.979458
1199 0.998754 0.902019 0.982928
1209 0.998754 0.91001 0.983412
1219 0.998874 0.900601 0.984326
1229 0.998876 0.898875 0.97945
1239 0.99889 0.915203 0.986731
1249 0.9989 0.911089 0.988489
1259 0.998909 0.881832 0.974136
1269 0.998917 0.907387 0.983996
1279 0.999021 0.909238 0.983984
1289 0.999022 0.897505 0.980969
1299 0.999036 0.918478 0.98509
1309 0.999058 0.892768 0.979937
1319 0.999069 0.911755 0.984333
1329 0.999074 0.924079 0.986903
1339 0.999074 0.917811 0.98922
1349 0.999084 0.912937 0.987952
1359 0.999164 0.912694 0.985195
1369 0.999164 0.897313 0.980611
1379 0.999172 0.891615 0.982843
1389 0.99919 0.891664 0.976662
1399 0.999191 0.907906 0.982186
1409 0.999196 0.883526 0.979784
1419 0.999198 0.904293 0.986216
1429 0.999198 0.897411 0.982403
1439 0.999212 0.921034 0.986751
1449 0.999213 0.909426 0.981802
1459 0.999217 0.913177 0.982322
1469 0.99922 0.91164 0.985044
1479 0.99922 0.921923 0.987991
1489 0.99922 0.908822 0.981406
1499 0.99922 0.912812 0.982507
1509 0.999237 0.902894 0.983288
1519 0.999241 0.93223 0.990566
1529 0.999254 0.908532 0.98127
1539 0.99926 0.8976 0.986078
1549 0.999261 0.896066 0.978296
1559 0.999262 0.889198 0.981779
1569 0.999263 0.903489 0.984245
1579 0.999278 0.903647 0.97998
1589 0.999278 0.911977 0.983513
1599 0.999278 0.904682 0.983057
1609 0.999278 0.908977 0.984827
1619 0.999278 0.89016 0.981466
1629 0.999279 0.905659 0.984259
1639 0.999284 0.912633 0.987006
1649 0.999287 0.91089 0.98547
1659 0.999302 0.903089 0.981669
1669 0.999302 0.926813 0.988036
1679 0.999312 0.897861 0.9798
1689 0.999315 0.913128 0.984567
1699 0.999315 0.895979 0.984001
1709 0.999315 0.909586 0.984482
1719 0.999318 0.91128 0.986742
1729 0.999318 0.913097 0.98414
1739 0.999331 0.935774 0.989455
1749 0.999373 0.909975 0.984476
1759 0.999379 0.906313 0.981815
1769 0.999387 0.914036 0.987129
1779 0.999387 0.905742 0.983957
1789 0.99939 0.909177 0.983147
1799 0.99939 0.922966 0.988282
1809 0.999406 0.912791 0.984212
1819 0.999406 0.909344 0.98423
1829 0.999406 0.901032 0.981996
1839 0.999412 0.906761 0.984731
1849 0.999414 0.911055 0.98272
1859 0.999414 0.906706 0.983292
1869 0.999561 0.889806 0.979789
1879 0.999561 0.919938 0.988868
1889 0.999561 0.91563 0.987117
1899 0.999561 0.899558 0.980855
1909 0.999563 0.898612 0.98353
1919 0.999563 0.902962 0.984984
1929 0.999565 0.883324 0.97825
1939 0.999574 0.912053 0.985581
1949 0.999576 0.919737 0.984101
1959 0.999583 0.902987 0.980382
1969 0.999591 0.898394 0.986087
1979 0.999619 0.920441 0.987962
1989 0.99962 0.91416 0.985747
1999 0.999627 0.891758 0.977312
2009 0.999633 0.910971 0.984669
2019 0.999634 0.901441 0.981745
2029 0.999642 0.909876 0.981112
2039 0.999642 0.910916 0.983858
2049 0.999647 0.912387 0.986766
2059 0.999647 0.907286 0.984741
2069 0.999647 0.910673 0.988382
2079 0.999647 0.907812 0.982878
2089 0.999773 0.919422 0.984869
2099 0.999779 0.91389 0.986035
2109 0.999783 0.897782 0.982196
2119 0.999785 0.895107 0.981122
2129 0.999785 0.901864 0.983892
2139 0.999785 0.908027 0.985915
2149 0.999785 0.899224 0.984514
2159 0.999787 0.925757 0.99015
2169 0.999791 0.917173 0.982856
2179 0.999794 0.909652 0.984795
2189 0.999818 0.903586 0.985572
2199 0.999842 0.897965 0.98268
2209 0.999842 0.904535 0.981062
2219 0.999845 0.915978 0.987028
2229 0.999845 0.89878 0.980319
2239 0.999849 0.908421 0.983699
2249 0.999849 0.912904 0.985639
2259 0.999948 0.901125 0.984867
2269 0.999967 0.891884 0.983062
2279 0.999969 0.903021 0.982227
2289 0.999969 0.893586 0.981986
2299 0.999978 0.905521 0.983604
2309 0.999991 0.887508 0.980405
2319 0.999991 0.903428 0.984093
2329 0.999995 0.898788 0.982405
2339 0.999995 0.908221 0.982804
2349 0.999995 0.912326 0.986152
2359 0.999999 0.911016 0.986228
2369 1 0.891997 0.980195
2379 1.00001 0.908873 0.9837
2389 1.00001 0.897053 0.984186
2399 1.00001 0.913255 0.984902
2409 1.00001 0.901671 0.984174
2419 1.00001 0.899839 0.984461
2429 1.00002 0.906948 0.982068
2439 1.00002 0.917133 0.985845
2449 1.00002 0.913491 0.98505
2459 1.00002 0.902688 0.98281
2469 1.00002 0.883883 0.97913
2479 1.00002 0.90092 0.984509
2489 1.00002 0.906621 0.986651
2499 1.00002 0.916274 0.983897
