0 0.620402 0.0205466 0.247722
100 0.995987 0.116482 0.641131
200 0.995987 0.0974806 0.701236
300 0.995987 0.236517 0.7857
400 0.995987 0.307511 0.828382
500 0.995987 0.2381 0.795353
600 0.99674 0.22473 0.746109
700 0.99674 0.139322 0.698067
800 0.99674 0.16321 0.741762
900 0.99674 0.266676 0.72393
1000 0.99674 0.0904333 0.679692
1100 0.99674 0.195162 0.703148
1200 0.99674 0.164485 0.684445
1300 0.99674 0.172181 0.693083
1400 0.99674 0.150268 0.729774
1500 0.999223 0.160713 0.700507
1600 0.999223 0.142053 0.635463
1700 0.999223 0.152189 0.68079
1800 0.999223 0.14091 0.688703
1900 0.999223 0.082364 0.618595
2000 1.0037 0.14277 0.647723
2100 1.0037 0.189642 0.749168
2200 1.0037 0.0781279 0.642595
2300 1.0037 0.128394 0.701513
2400 1.0037 0.0134346 0.620091
2500 1.0037 0.277194 0.787102
2600 1.0037 0.204199 0.707983
2700 1.0037 0.138716 0.699526
2800 1.0037 0.268434 0.760959
2900 1.0037 0.107521 0.765167
3000 1.00423 0.144616 0.606995
3100 1.00423 0.115147 0.649085
3200 1.00423 0.364818 0.778707
3300 1.00423 0.248679 0.713051
3400 1.00423 0.189274 0.678066
3500 1.00423 0.156931 0.678071
3600 1.00423 0.073291 0.720239
3700 1.00423 0.3005 0.676819
3800 1.00423 0.266081 0.755847
3900 1.00423 0.142053 0.644407
4000 1.00423 0.159365 0.667688
4100 1.00423 0.12478 0.683739
4200 1.00423 0.166209 0.647255
4300 1.00423 0.309423 0.711446
4400 1.00423 0.231909 0.759029
4500 1.00423 0.129349 0.73775
4600 1.00423 0.140128 0.660301
4700 1.00423 0.202037 0.682267
4800 1.00423 0.06023 0.656681
4900 1.00423 0.224691 0.707945
5000 1.00423 0.243012 0.692583
5100 1.00423 0.0963294 0.781447
5200 1.00423 0.101001 0.680424
5300 1.00423 0.122218 0.64627
5400 1.00423 0.197441 0.717378
5500 1.00423 0.170802 0.746916
5600 1.00423 0.111132 0.702168
5700 1.00423 0.193137 0.606295
5800 1.00423 0.291319 0.689711
5900 1.00423 0.165515 0.662897
6000 1.00423 0.155208 0.790167
6100 1.00423 0.16514 0.656421
6200 1.00423 0.343138 0.758949
6300 1.00423 0.220682 0.672274
6400 1.00423 0.388331 0.739953
6500 1.00423 0.0984174 0.740437
6600 1.00423 0.261478 0.68676
6700 1.00423 0.0633121 0.698849
6800 1.00423 0.249378 0.739241
6900 1.00423 0.170638 0.724784
7000 1.00423 0.144103 0.715008
7100 1.00423 0.147199 0.628162
7200 1.00423 0.135702 0.702757
7300 1.00423 0.18368 0.71086
7400 1.00423 0.270588 0.756954
7500 1.00423 0.223352 0.735367
7600 1.00423 0.159758 0.725656
7700 1.00423 0.147826 0.662023
7800 1.00423 0.26975 0.757972
7900 1.00423 0.113169 0.701353
8000 1.00423 0.26654 0.734019
8100 1.00423 0.142205 0.692156
8200 1.00423 0.0572869 0.709954
8300 1.00423 0.127698 0.754078
8400 1.00423 0.142229 0.63473
8500 1.00423 0.200222 0.70037
8600 1.00423 0.395111 0.801797
8700 1.00423 0.0971655 0.746199
8800 1.00423 0.176375 0.639463
8900 1.00423 0.1209 0.77338
9000 1.00423 0.0780217 0.696116
9100 1.00423 0.22208 0.818003
9200 1.00423 0.168006 0.801193
9300 1.00423 0.062303 0.633873
9400 1.00423 0.189011 0.687631
9500 1.00423 0.286981 0.724993
9600 1.00423 0.141891 0.620928
9700 1.00423 0.0770688 0.61498
9800 1.00423 0.237139 0.759488
9900 1.00423 0.147501 0.70683
10000 1.00423 0.200735 0.781895
