0 0.412687 0.121776 0.280234
100 0.981014 0.869816 0.961301
200 0.992597 0.892876 0.980942
300 0.995656 0.870978 0.981673
400 0.996163 0.8846 0.978461
500 0.998215 0.824451 0.979557
600 0.999709 0.871875 0.987748
700 0.999855 0.913182 0.987523
800 0.999993 0.857335 0.984569
900 1.00007 0.857037 0.978081
1000 1.00011 0.870358 0.988358
1100 1.00011 0.895311 0.983471
1200 1.00023 0.874808 0.987843
1300 1.00023 0.895238 0.98917
1400 1.00032 0.896908 0.985356
1500 1.00039 0.814091 0.976695
1600 1.00047 0.868548 0.984724
1700 1.00047 0.875546 0.987472
1800 1.00057 0.877409 0.986667
1900 1.00061 0.893497 0.982074
2000 1.00069 0.88959 0.983068
2100 1.00071 0.861753 0.970745
2200 1.00074 0.834541 0.981896
2300 1.00074 0.875174 0.980756
2400 1.00074 0.863065 0.983408
2500 1.00074 0.899568 0.990347
2600 1.00074 0.877594 0.98713
2700 1.00082 0.916443 0.994718
2800 1.00083 0.828324 0.983553
2900 1.00083 0.864917 0.982364
3000 1.00083 0.908047 0.986489
3100 1.00083 0.894087 0.974835
3200 1.00083 0.931274 0.994179
3300 1.00084 0.835653 0.982881
3400 1.00084 0.885627 0.9855
3500 1.00084 0.879342 0.985697
3600 1.00084 0.849708 0.985039
3700 1.00085 0.92492 0.994538
3800 1.00085 0.904344 0.984677
3900 1.00085 0.908137 0.984798
4000 1.00085 0.882572 0.982725
4100 1.00085 0.906862 0.993492
4200 1.00085 0.834024 0.975629
4300 1.00085 0.918368 0.986691
4400 1.00085 0.916291 0.992095
4500 1.00085 0.820737 0.986848
4600 1.00085 0.912627 0.992074
4700 1.00085 0.866641 0.983117
4800 1.00085 0.920486 0.993389
4900 1.00085 0.898741 0.987817
5000 1.00085 0.908376 0.99156
5100 1.00085 0.868051 0.974192
5200 1.00085 0.868266 0.98102
5300 1.00085 0.897073 0.989212
5400 1.00085 0.886477 0.990454
5500 1.00085 0.915642 0.98455
5600 1.00085 0.897988 0.989817
5700 1.00085 0.891063 0.992196
5800 1.00085 0.893343 0.988337
5900 1.00085 0.862153 0.981971
6000 1.00085 0.850544 0.978568
6100 1.00085 0.927704 0.994245
6200 1.00085 0.908017 0.990056
6300 1.00085 0.866938 0.976108
6400 1.00085 0.902493 0.992807
6500 1.00085 0.888918 0.985879
6600 1.00085 0.907076 0.982934
6700 1.00085 0.945917 0.993418
6800 1.00085 0.873201 0.982135
6900 1.00085 0.866677 0.985004
7000 1.00085 0.827541 0.979694
7100 1.00085 0.911964 0.993232
7200 1.00085 0.882092 0.981295
7300 1.00085 0.869764 0.98157
7400 1.00085 0.924513 0.993352
7500 1.00085 0.83766 0.982353
7600 1.00085 0.884368 0.984882
7700 1.00085 0.874877 0.980172
7800 1.00085 0.889767 0.985223
7900 1.00085 0.911953 0.986937
8000 1.00085 0.8672 0.983337
8100 1.00085 0.85427 0.980787
8200 1.00085 0.883297 0.978427
8300 1.00085 0.921528 0.991789
8400 1.00085 0.855061 0.983833
8500 1.00085 0.818411 0.985416
8600 1.00085 0.892952 0.990504
8700 1.00085 0.869604 0.978111
8800 1.00085 0.937506 0.995114
8900 1.00085 0.887676 0.984507
9000 1.00085 0.860621 0.985213
9100 1.00085 0.850676 0.982525
9200 1.00085 0.892421 0.984178
9300 1.00085 0.830659 0.977024
9400 1.00085 0.892545 0.986872
9500 1.00085 0.867222 0.984962
9600 1.00085 0.880703 0.987038
9700 1.00085 0.90907 0.984887
9800 1.00085 0.88842 0.983327
9900 1.00085 0.881608 0.982111
10000 1.00085 0.863293 0.980347
