0 0.594697 0 0.27584
100 0.98503 0.132446 0.769072
200 0.98503 0.178829 0.658108
300 0.98503 0.145219 0.607432
400 0.98503 0.135631 0.648475
500 0.98503 0.352224 0.748287
600 0.985652 0.156813 0.698584
700 0.985652 0.260366 0.735248
800 0.985652 0.333345 0.772764
900 0.985652 0.189604 0.707829
1000 0.985652 0.181187 0.712062
1100 0.985652 0.129066 0.641089
1200 0.985652 0.174514 0.660027
1300 0.985652 0.199018 0.699642
1400 0.985652 0.247504 0.684801
1500 0.985652 0.0357979 0.622783
1600 0.985652 0.0936438 0.705448
1700 0.985652 0.304764 0.734383
1800 0.985652 0.0551596 0.67116
1900 0.985652 0.262132 0.715967
2000 0.985652 0.0930357 0.664812
2100 0.985652 0.0685888 0.715731
2200 0.985652 0.306409 0.739923
2300 0.985652 0.216961 0.745891
2400 0.985652 0.195198 0.655847
2500 0.985652 0.258209 0.660003
2600 0.985652 0.263613 0.743917
2700 0.985652 0.0470839 0.629474
2800 0.985652 0.286416 0.704328
2900 0.985652 0.199315 0.706227
3000 0.985652 0.0805277 0.639572
3100 0.985652 0.119948 0.747641
3200 0.985652 0.214072 0.781331
3300 0.985652 0.184973 0.712443
3400 0.988088 0.223619 0.778976
3500 0.988088 0.145362 0.687056
3600 0.988088 0.300836 0.694764
3700 0.988088 0.062454 0.712962
3800 0.990477 0.170383 0.69231
3900 0.990477 0.146095 0.691715
4000 0.990477 0.18565 0.75697
4100 0.990477 0.126848 0.756251
4200 0.992851 0.264662 0.696763
4300 0.992851 0.147396 0.709834
4400 0.992851 0.190205 0.691942
4500 0.992851 0.193855 0.716733
4600 0.994844 0.146367 0.618419
4700 0.994844 0.24538 0.750443
4800 0.994844 0.183283 0.693458
4900 0.994844 0.249457 0.748066
5000 0.994844 0.312041 0.780071
5100 0.994844 0.19753 0.693781
5200 0.994844 0.219773 0.683144
5300 0.994844 0.0408428 0.604912
5400 1.00302 0.203267 0.712087
5500 1.00302 0.0592689 0.667831
5600 1.00302 0.166171 0.695682
5700 1.00302 0.102059 0.566201
5800 1.00302 0.0991708 0.763017
5900 1.00302 0.180438 0.685716
6000 1.00302 0.153741 0.612442
6100 1.00302 0.198176 0.757554
6200 1.00302 0.105026 0.698418
6300 1.00364 0.184384 0.698384
6400 1.00364 0.182591 0.726171
6500 1.00364 0.229333 0.707654
6600 1.00443 0.0954592 0.796895
6700 1.00443 0.15217 0.705702
6800 1.00443 0.141384 0.7506
6900 1.00443 0.0809804 0.630448
7000 1.00443 0.0601298 0.662689
7100 1.00443 0.175696 0.728568
7200 1.00443 0.119093 0.677373
7300 1.00443 0.215727 0.742267
7400 1.00443 0.153272 0.721921
7500 1.00443 0.341278 0.759706
7600 1.00443 0.200132 0.680813
7700 1.00443 0.0851102 0.724044
7800 1.00443 0.23854 0.708468
7900 1.00443 0.218984 0.717219
8000 1.00443 0.144323 0.693651
8100 1.00443 0.167388 0.736581
8200 1.00443 0.207541 0.656618
8300 1.00443 0.236387 0.652804
8400 1.00443 0 0.63778
8500 1.00443 0.227175 0.684211
8600 1.00443 0.203437 0.76387
8700 1.00443 0.105753 0.665944
8800 1.00443 0.179698 0.705437
8900 1.00443 0.15824 0.692409
9000 1.00443 0.340114 0.746279
9100 1.00443 0.18197 0.64628
9200 1.00443 0.0774887 0.708102
9300 1.00443 0.191459 0.69354
9400 1.00443 0.167246 0.71543
9500 1.00443 0.128274 0.593279
9600 1.00443 0.227505 0.639557
9700 1.00443 0.163574 0.684158
9800 1.00443 0.147783 0.694358
9900 1.00443 0.212828 0.67838
10000 1.00443 0.149102 0.651448
