0 0.443422 0.147737 0.26942
100 0.964434 0.807067 0.951286
200 0.992897 0.894986 0.979102
300 0.996263 0.871305 0.975472
400 0.998241 0.886256 0.981249
500 0.998319 0.89842 0.985317
600 0.999497 0.872192 0.977092
700 0.999676 0.873653 0.976966
800 0.999735 0.901601 0.985571
900 0.999972 0.915397 0.984106
1000 1.00007 0.899286 0.989758
1100 1.00008 0.896581 0.983373
1200 1.00016 0.907989 0.984229
1300 1.00021 0.888179 0.987062
1400 1.00034 0.864014 0.98407
1500 1.00038 0.859815 0.983969
1600 1.00042 0.89102 0.988006
1700 1.00045 0.851252 0.980191
1800 1.00046 0.871648 0.974895
1900 1.00049 0.905952 0.986582
2000 1.0005 0.91675 0.989788
2100 1.00067 0.88835 0.978097
2200 1.00067 0.832513 0.97705
2300 1.00068 0.912836 0.981503
2400 1.00072 0.894433 0.978676
2500 1.00075 0.811631 0.980947
2600 1.00077 0.874518 0.987321
2700 1.00078 0.89313 0.986558
2800 1.00079 0.896268 0.981091
2900 1.00085 0.890435 0.979752
3000 1.00086 0.911177 0.990008
3100 1.00086 0.819877 0.976309
3200 1.00086 0.841342 0.983992
3300 1.00086 0.929214 0.994896
3400 1.00086 0.941472 0.993512
3500 1.00086 0.865166 0.984657
3600 1.00086 0.91333 0.983819
3700 1.00086 0.881555 0.983939
3800 1.00086 0.907965 0.979724
3900 1.00086 0.884682 0.9939
4000 1.00086 0.879224 0.983784
4100 1.00086 0.908136 0.990389
4200 1.00086 0.849408 0.986795
4300 1.00086 0.876061 0.985926
4400 1.00086 0.883712 0.979188
4500 1.00086 0.913139 0.988181
4600 1.00086 0.911429 0.986047
4700 1.00086 0.920369 0.9901
4800 1.00086 0.904226 0.987846
4900 1.00086 0.913386 0.982862
5000 1.00086 0.900324 0.984616
5100 1.00086 0.890958 0.985779
5200 1.00086 0.873741 0.980216
5300 1.00086 0.88196 0.983099
5400 1.00086 0.90314 0.987442
5500 1.00086 0.944527 0.989329
5600 1.00086 0.83909 0.982201
5700 1.00086 0.90686 0.987714
5800 1.00086 0.924575 0.994136
5900 1.00086 0.879765 0.981286
6000 1.00086 0.920803 0.986592
6100 1.00086 0.879341 0.977915
6200 1.00086 0.9526 0.996644
6300 1.00086 0.871381 0.984737
6400 1.00086 0.905101 0.983959
6500 1.00086 0.89746 0.975114
6600 1.00086 0.871808 0.980867
6700 1.00086 0.864165 0.989017
6800 1.00086 0.866057 0.975709
6900 1.00086 0.84998 0.984168
7000 1.00086 0.8976 0.986857
7100 1.00086 0.856553 0.982696
7200 1.00086 0.887085 0.983544
7300 1.00086 0.88376 0.986625
7400 1.00086 0.910507 0.98508
7500 1.00086 0.882958 0.985235
7600 1.00086 0.935455 0.994019
7700 1.00086 0.868133 0.993956
7800 1.00086 0.849224 0.973596
7900 1.00086 0.906736 0.992125
8000 1.00086 0.874634 0.983387
8100 1.00086 0.871692 0.97816
8200 1.00086 0.893451 0.991827
8300 1.00086 0.878472 0.989655
8400 1.00086 0.924005 0.993451
8500 1.00086 0.876001 0.985352
8600 1.00086 0.895195 0.986888
8700 1.00086 0.911183 0.986387
8800 1.00086 0.774592 0.971141
8900 1.00086 0.770249 0.974436
9000 1.00086 0.90244 0.990767
9100 1.00086 0.892466 0.987835
9200 1.00086 0.834731 0.974243
9300 1.00086 0.881383 0.988228
9400 1.00086 0.84359 0.979461
9500 1.00086 0.858272 0.987993
9600 1.00086 0.871291 0.984995
9700 1.00086 0.879746 0.985466
9800 1.00086 0.900779 0.986102
9900 1.00086 0.900535 0.985409
10000 1.00086 0.873287 0.982631
