0 0.735105 0 0.270681
100 0.941666 0.191132 0.649237
200 0.99104 0.105658 0.689713
300 0.99104 0.186743 0.719986
400 0.99104 0.120509 0.66978
500 0.995717 0.204001 0.73637
600 0.995717 0.14277 0.695883
700 0.995717 0.0545583 0.76312
800 0.995717 0.167815 0.707111
900 0.995717 0.18657 0.756068
1000 0.995717 0.26149 0.715101
1100 0.995717 0.135917 0.692311
1200 0.995717 0.22195 0.780386
1300 0.995717 0.252246 0.661398
1400 0.995717 0.225747 0.691641
1500 0.995717 0.25722 0.693413
1600 0.995717 0.12545 0.665706
1700 0.995717 0.161857 0.735418
1800 0.995717 0.184973 0.677335
1900 0.995717 0.211065 0.67935
2000 0.995717 0.125184 0.630586
2100 0.995717 0.0873811 0.610517
2200 0.995717 0.152539 0.664889
2300 0.995717 0.232753 0.708019
2400 0.995717 0.119689 0.688253
2500 0.995717 0.0772458 0.64642
2600 0.995717 0.272126 0.740955
2700 0.995717 0.0986203 0.653722
2800 0.995717 0.168858 0.561926
2900 0.995717 0.098668 0.673914
3000 0.995717 0.105277 0.709112
3100 0.995717 0.182832 0.670867
3200 0.995717 0.172818 0.743436
3300 0.995717 0.0850963 0.635484
3400 0.995717 0.184786 0.701816
3500 0.995717 0.273277 0.725678
3600 0.995717 0.0949332 0.686544
3700 0.995717 0.156053 0.691816
3800 0.995717 0.163287 0.677939
3900 0.995717 0.279194 0.731919
4000 0.995717 0.14716 0.695466
4100 0.995717 0.0886533 0.62763
4200 0.995717 0.12628 0.67268
4300 0.995717 0.220531 0.729378
4400 0.995717 0.156287 0.76655
4500 0.995717 0.12422 0.67627
4600 0.995717 0.294827 0.747116
4700 0.995717 0.235123 0.788872
4800 0.995717 0.161696 0.6829
4900 0.995717 0.231491 0.705731
5000 0.995717 0.248648 0.697446
5100 0.995717 0.251163 0.701568
5200 0.995717 0.133481 0.672049
5300 0.995717 0.149058 0.705924
5400 0.995717 0.0813446 0.636404
5500 0.995717 0.0616916 0.612475
5600 0.995717 0.0634533 0.689952
5700 0.995717 0.123215 0.693296
5800 0.995717 0.153247 0.669688
5900 0.995717 0.284952 0.782789
6000 0.995717 0.158496 0.720474
6100 0.995717 0.0311634 0.640122
6200 0.997688 0.133643 0.650363
6300 0.997688 0.309443 0.770752
6400 0.997688 0.258908 0.731289
6500 0.997688 0.204368 0.656201
6600 0.997688 0.192622 0.66467
6700 0.997688 0.194761 0.70227
6800 0.997688 0.166216 0.717169
6900 0.997688 0.10872 0.657853
7000 0.997688 0.25525 0.680263
7100 0.997688 0.164243 0.731324
7200 0.997688 0.242143 0.734077
7300 0.997688 0.178702 0.673661
7400 0.997688 0.152961 0.727399
7500 0.997688 0.152245 0.591814
7600 0.997688 0.213969 0.67138
7700 0.997688 0.221791 0.743293
7800 0.997688 0.127254 0.708751
7900 0.997896 0.127335 0.690237
8000 0.997896 0.298314 0.765913
8100 0.997896 0.232232 0.733286
8200 0.997896 0.0338173 0.732799
8300 0.997896 0.0528282 0.638259
8400 0.997896 0.268792 0.790396
8500 0.997896 0.125029 0.692373
8600 0.997896 0.0940368 0.754848
8700 0.997896 0.119137 0.667894
8800 0.997896 0.25336 0.644492
8900 0.997896 0.0859362 0.543711
9000 0.997896 0.235875 0.658882
9100 0.997896 0.244624 0.660367
9200 0.997896 0.0617566 0.687945
9300 0.997896 0.103793 0.743744
9400 0.997896 0.13599 0.756668
9500 0.997896 0.0774672 0.65955
9600 0.997896 0.191132 0.731064
9700 0.997896 0.182411 0.665837
9800 0.997896 0.173401 0.675595
9900 0.997896 0.103872 0.647078
10000 0.997896 0.171764 0.648327
