0 0.768211 0.0100077 0.280402
100 0.990815 0.0849842 0.636675
200 1.00087 0.211458 0.649866
300 1.00087 0.0450725 0.718197
400 1.00087 0.133462 0.706946
500 1.00087 0.212305 0.669105
600 1.00087 0.279296 0.718036
700 1.00087 0.185433 0.761307
800 1.00087 0.192083 0.752247
900 1.00087 0.107816 0.663423
1000 1.00087 0.245618 0.716434
1100 1.00087 0.167355 0.773352
1200 1.00087 0.26491 0.724479
1300 1.00087 0.126098 0.708191
1400 1.00087 0.0981534 0.698676
1500 1.00087 0.211935 0.742223
1600 1.00087 0.173898 0.65175
1700 1.00087 0.0804357 0.640604
1800 1.00087 0.194465 0.740976
1900 1.00087 0.213472 0.665282
2000 1.00087 0.036568 0.682501
2100 1.00087 0.201506 0.769149
2200 1.00087 0.222836 0.609566
2300 1.00087 0.108037 0.707221
2400 1.00087 0.0782954 0.6876
2500 1.00087 0.28465 0.765009
2600 1.00087 0.183427 0.69249
2700 1.00087 0.311981 0.763051
2800 1.00087 0.219796 0.72357
2900 1.00087 0.148732 0.67492
3000 1.00087 0.0729162 0.672327
3100 1.00087 0.124233 0.654412
3200 1.00087 0.345739 0.750837
3300 1.00087 0.141249 0.66742
3400 1.00087 0.0206605 0.66365
3500 1.00087 0.0400308 0.687559
3600 1.00087 0.0216899 0.728166
3700 1.00087 0.164087 0.779436
3800 1.00087 0.138595 0.786918
3900 1.00087 0.19138 0.818436
4000 1.00087 0.278586 0.661395
4100 1.00087 0.228373 0.672689
4200 1.00087 0.0952987 0.659858
4300 1.00087 0.0814762 0.668962
4400 1.00087 0.144062 0.712703
4500 1.00087 0.0193599 0.676501
4600 1.00087 0.207015 0.660239
4700 1.00087 0.288187 0.823617
4800 1.00087 0.188705 0.713684
4900 1.00087 0.0596066 0.583655
5000 1.00087 0.184014 0.661534
5100 1.00087 0.165031 0.835681
5200 1.00087 0.277935 0.748785
5300 1.00087 0.239075 0.738479
5400 1.00087 0.224448 0.612493
5500 1.00087 0.148913 0.672328
5600 1.00087 0.215768 0.751757
5700 1.00087 0.229443 0.721361
5800 1.00087 0.0755609 0.628988
5900 1.00087 0.198355 0.633886
6000 1.00087 0.040878 0.623385
6100 1.00087 0.248862 0.725946
6200 1.00087 0.167073 0.774829
6300 1.00087 0.159044 0.755345
6400 1.00087 0.244695 0.701622
6500 1.00087 0.085386 0.728294
6600 1.00087 0.0701782 0.67833
6700 1.00087 0.177319 0.756065
6800 1.00087 0.219575 0.68367
6900 1.00087 0.105476 0.61348
7000 1.00087 0.111536 0.681784
7100 1.00087 0.18695 0.587357
7200 1.00087 0.107165 0.67028
7300 1.00087 0.16605 0.713623
7400 1.00087 0.125435 0.656224
7500 1.00087 0.0371953 0.683099
7600 1.00087 0.165698 0.640981
7700 1.00087 0.211064 0.755551
7800 1.00087 0.168752 0.741057
7900 1.00087 0.415018 0.812861
8000 1.00087 0.223506 0.642138
8100 1.00087 0.137707 0.586262
8200 1.00087 0.0899959 0.708068
8300 1.00087 0.185055 0.662908
8400 1.00087 0.22014 0.724731
8500 1.00087 0.211713 0.724069
8600 1.00087 0.0197 0.618255
8700 1.00087 0.140236 0.671113
8800 1.00087 0.217331 0.69895
8900 1.00087 0.220165 0.767245
9000 1.00087 0.199315 0.804938
9100 1.00087 0.224672 0.7529
9200 1.00087 0.156965 0.75037
9300 1.00087 0.0149251 0.679727
9400 1.00087 0.084911 0.69354
9500 1.00087 0.122679 0.699805
9600 1.00087 0.165031 0.710262
9700 1.00087 0.163288 0.695174
9800 1.00087 0.0459527 0.641576
9900 1.00087 0.154123 0.632801
10000 1.00087 0.30578 0.71142
