0 0.41375 0.114009 0.26306
100 0.972192 0.821865 0.944812
200 0.991947 0.920237 0.984363
300 0.996384 0.906795 0.983787
400 0.997953 0.914194 0.9826
500 0.999348 0.874319 0.985944
600 0.999387 0.9245 0.98981
700 0.999714 0.892594 0.982157
800 0.999813 0.878392 0.985302
900 0.999961 0.891309 0.985408
1000 0.999999 0.841365 0.979178
1100 1.0001 0.926245 0.99047
1200 1.00023 0.8581 0.97832
1300 1.00023 0.839795 0.980852
1400 1.00025 0.892356 0.978466
1500 1.00036 0.853229 0.982303
1600 1.00048 0.875307 0.985971
1700 1.00048 0.8927 0.992122
1800 1.00054 0.80605 0.973921
1900 1.00054 0.893019 0.984846
2000 1.00054 0.867823 0.989812
2100 1.00055 0.883512 0.979685
2200 1.00057 0.889141 0.980122
2300 1.00057 0.901951 0.99138
2400 1.00057 0.897031 0.993149
2500 1.00057 0.876273 0.99181
2600 1.00057 0.910189 0.986548
2700 1.00057 0.907336 0.983147
2800 1.00057 0.873119 0.985395
2900 1.00057 0.850272 0.989517
3000 1.00057 0.90903 0.987666
3100 1.00059 0.8979 0.983731
3200 1.00065 0.872747 0.985573
3300 1.00065 0.90136 0.98506
3400 1.00065 0.869765 0.984136
3500 1.00065 0.88945 0.983656
3600 1.00065 0.831188 0.970333
3700 1.00065 0.868019 0.982555
3800 1.00065 0.889586 0.986833
3900 1.00065 0.834771 0.982954
4000 1.00065 0.90244 0.989869
4100 1.00065 0.866549 0.987076
4200 1.00065 0.89812 0.987302
4300 1.00065 0.904383 0.982067
4400 1.00065 0.901741 0.988559
4500 1.00065 0.890583 0.979678
4600 1.00065 0.909087 0.978011
4700 1.00065 0.895458 0.988373
4800 1.00065 0.911193 0.982506
4900 1.00065 0.86097 0.984411
5000 1.00065 0.902246 0.988692
5100 1.00065 0.930035 0.992481
5200 1.00065 0.889911 0.984402
5300 1.00065 0.924252 0.990475
5400 1.00065 0.891202 0.990591
5500 1.00065 0.871951 0.980093
5600 1.00065 0.869092 0.982423
5700 1.00065 0.925174 0.990245
5800 1.00065 0.881073 0.987492
5900 1.00065 0.93472 0.990523
6000 1.00065 0.861001 0.988566
6100 1.00065 0.884167 0.981914
6200 1.00065 0.918837 0.988626
6300 1.00065 0.837339 0.983966
6400 1.00065 0.90039 0.9887
6500 1.00065 0.880251 0.984773
6600 1.00065 0.930241 0.989084
6700 1.00065 0.902005 0.980182
6800 1.00065 0.879459 0.98731
6900 1.00065 0.890705 0.988352
7000 1.00065 0.901527 0.990743
7100 1.00065 0.897431 0.98087
7200 1.00065 0.899148 0.986503
7300 1.00065 0.887607 0.978043
7400 1.00065 0.8989 0.982363
7500 1.00065 0.912449 0.986445
7600 1.00065 0.843429 0.974891
7700 1.00065 0.867006 0.979842
7800 1.00065 0.891462 0.987259
7900 1.00065 0.881347 0.985904
8000 1.00065 0.866 0.983722
8100 1.00065 0.886869 0.983628
8200 1.00065 0.913014 0.988733
8300 1.00065 0.903642 0.985485
8400 1.00065 0.940329 0.994955
8500 1.00065 0.855346 0.979245
8600 1.00065 0.859742 0.980454
8700 1.00065 0.874011 0.992303
8800 1.00065 0.912258 0.985058
8900 1.00065 0.879313 0.984055
9000 1.00065 0.918075 0.987857
9100 1.00065 0.896365 0.982338
9200 1.00065 0.8867 0.987128
9300 1.00065 0.890212 0.988627
9400 1.00065 0.912406 0.991427
9500 1.00065 0.911945 0.990108
9600 1.00065 0.809707 0.986853
9700 1.00065 0.906977 0.980964
9800 1.00065 0.846956 0.976004
9900 1.00065 0.896491 0.981594
10000 1.00065 0.825938 0.989642
