0 0.823275 0 0.274328
100 0.996936 0.204674 0.660978
200 0.99861 0.139186 0.688912
300 0.999907 0.165299 0.72936
400 0.999907 0.118438 0.71453
500 1.0004 0.119306 0.729672
600 1.0004 0.140952 0.734379
700 1.0004 0.140593 0.720354
800 1.0004 0.227904 0.702377
900 1.0004 0.216582 0.696301
1000 1.0004 0.120624 0.6962
1100 1.0004 0.158244 0.687582
1200 1.0004 0.225284 0.763766
1300 1.0004 0.174468 0.745389
1400 1.0004 0.140525 0.662077
1500 1.0004 0.167091 0.715997
1600 1.0004 0.254268 0.749877
1700 1.0004 0.0430681 0.692117
1800 1.0004 0.157117 0.682585
1900 1.0004 0.168136 0.730899
2000 1.0004 0.244502 0.748571
2100 1.0004 0.264162 0.737897
2200 1.0004 0.210458 0.701205
2300 1.0004 0.102588 0.668059
2400 1.0004 0.213278 0.704657
2500 1.0004 0.250798 0.749844
2600 1.0004 0.11899 0.672002
2700 1.0004 0.0795881 0.709117
2800 1.0004 0.160647 0.706837
2900 1.0004 0.117669 0.699801
3000 1.0004 0.224488 0.734973
3100 1.0004 0.0996058 0.782521
3200 1.0004 0.223042 0.70078
3300 1.0004 0.125576 0.646608
3400 1.0004 0.225447 0.652067
3500 1.0004 0.168512 0.700845
3600 1.0004 0.179387 0.72482
3700 1.0004 0.127203 0.761201
3800 1.0004 0.149149 0.744058
3900 1.0004 0.173983 0.701258
4000 1.0004 0.134077 0.691173
4100 1.0004 0.279269 0.737585
4200 1.0004 0.264527 0.718237
4300 1.0004 0.197702 0.709365
4400 1.0004 0.168618 0.732654
4500 1.0004 0.129766 0.689382
4600 1.0004 0.239558 0.770789
4700 1.0004 0.160118 0.66959
4800 1.0004 0.0924693 0.72624
4900 1.0004 0.222515 0.674503
5000 1.0004 0.0239454 0.663964
5100 1.0004 0.219744 0.73242
5200 1.00129 0.197719 0.720123
5300 1.00129 0.206128 0.745031
5400 1.00129 0.119618 0.656005
5500 1.00129 0.110276 0.722368
5600 1.00129 0.191757 0.717137
5700 1.00129 0.136145 0.747202
5800 1.00129 0.0399065 0.727857
5900 1.00129 0.112068 0.69673
6000 1.00129 0.206761 0.726962
6100 1.00129 0.174872 0.672558
6200 1.00129 0.129484 0.760222
6300 1.00129 0.187244 0.729171
6400 1.00129 0.303517 0.706676
6500 1.00129 0.242264 0.814165
6600 1.00129 0.298686 0.690907
6700 1.00129 0.0848866 0.651306
6800 1.00129 0.191775 0.704922
6900 1.00129 0.114425 0.709653
7000 1.00129 0.0996924 0.691105
7100 1.00129 0.166858 0.689087
7200 1.00129 0.0472061 0.670598
7300 1.00129 0.17986 0.712377
7400 1.00129 0.13088 0.702083
7500 1.00129 0.290602 0.761672
7600 1.00129 0.105716 0.733516
7700 1.00129 0.280839 0.78144
7800 1.00129 0.197067 0.721374
7900 1.00129 0.141883 0.758467
8000 1.00129 0.161943 0.730698
8100 1.00129 0.0745189 0.646582
8200 1.00129 0.391533 0.799575
8300 1.00129 0.0837482 0.663087
8400 1.00129 0.197204 0.745606
8500 1.00129 0.08017 0.6273
8600 1.00129 0.143497 0.730032
8700 1.00129 0.186208 0.73152
8800 1.00129 0.146938 0.740705
8900 1.00129 0.157211 0.706161
9000 1.00129 0.111733 0.816239
9100 1.00129 0.25831 0.74772
9200 1.00129 0.0369121 0.683099
9300 1.00129 0.160608 0.78106
9400 1.00129 0.15554 0.682859
9500 1.00129 0.117379 0.727739
9600 1.00129 0.137877 0.693254
9700 1.00129 0.201041 0.678286
9800 1.00129 0.17128 0.724709
9900 1.00129 0.116306 0.682147
10000 1.00129 0.15552 0.690279
