0 0.761044 0.0193091 0.235125
100 0.98823 0.121943 0.725538
200 0.98823 0.193844 0.745275
300 0.98823 0.11104 0.688145
400 0.993915 0.085485 0.718592
500 0.99412 0.164569 0.68394
600 0.99412 0.260925 0.736584
700 0.99412 0.136455 0.694806
800 0.99412 0.191762 0.711128
900 1.00012 0.130057 0.583087
1000 1.00012 0.255856 0.717542
1100 1.00012 0.211393 0.692621
1200 1.00012 0.235807 0.632196
1300 1.00012 0.162106 0.685638
1400 1.00012 0.054581 0.718138
1500 1.00012 0.0895059 0.684517
1600 1.00012 0.242835 0.660443
1700 1.00012 0.174579 0.781921
1800 1.00012 0.166345 0.690904
1900 1.00012 0.161304 0.659347
2000 1.00012 0.170911 0.628175
2100 1.00012 0.155959 0.718851
2200 1.00083 0.196386 0.652338
2300 1.00083 0.229316 0.743632
2400 1.00083 0.09175 0.641655
2500 1.00083 0.0962372 0.63945
2600 1.00083 0.0962675 0.720972
2700 1.00083 0.157823 0.698126
2800 1.00083 0.312466 0.700911
2900 1.00083 0.162677 0.688226
3000 1.00083 0.202127 0.686863
3100 1.00083 0.10515 0.641778
3200 1.00083 0.219937 0.626211
3300 1.00083 0.106123 0.713398
3400 1.00083 0.117718 0.632454
3500 1.00083 0.188369 0.768564
3600 1.00083 0.18534 0.658093
3700 1.00083 0.214717 0.720276
3800 1.00083 0.350524 0.665575
3900 1.00083 0.255757 0.721511
4000 1.00083 0.208721 0.651456
4100 1.00083 0.180705 0.666892
4200 1.00083 0.270478 0.716937
4300 1.00083 0.203797 0.720559
4400 1.00083 0.145236 0.73861
4500 1.00083 0.195033 0.665815
4600 1.00083 0.157216 0.738181
4700 1.00083 0.125033 0.684585
4800 1.00193 0.175319 0.67385
4900 1.00193 0.219522 0.739151
5000 1.00193 0.255136 0.692953
5100 1.00431 0.171758 0.615179
5200 1.00431 0.220683 0.709391
5300 1.00431 0.167731 0.695372
5400 1.00431 0.0311634 0.772029
5500 1.00431 0.223273 0.749215
5600 1.00431 0.266632 0.720031
5700 1.00431 0.10374 0.664411
5800 1.00431 0.118697 0.695828
5900 1.00431 0.141199 0.681802
6000 1.00431 0.0978033 0.714873
6100 1.00431 0.0637278 0.704404
6200 1.00431 0.0674979 0.721363
6300 1.00431 0.239595 0.716834
6400 1.00431 0.246186 0.699776
6500 1.00431 0.224972 0.655927
6600 1.00431 0.255421 0.635148
6700 1.00431 0.119646 0.703401
6800 1.00431 0.171893 0.69439
6900 1.00431 0.264415 0.711631
7000 1.00431 0.258725 0.749591
7100 1.00431 0.12897 0.621995
7200 1.00431 0.140922 0.668321
7300 1.00431 0.159286 0.656335
7400 1.00431 0.236715 0.738423
7500 1.00431 0.121193 0.694579
7600 1.00431 0.17812 0.68436
7700 1.00431 0.222945 0.608135
7800 1.00431 0.197336 0.710845
7900 1.00431 0.0426514 0.749696
8000 1.00431 0.199066 0.760627
8100 1.00431 0.288552 0.68999
8200 1.00431 0.145463 0.715377
8300 1.00431 0.140343 0.654463
8400 1.00431 0.208391 0.697301
8500 1.00431 0.099141 0.689177
8600 1.00431 0.230062 0.733221
8700 1.00431 0.0304056 0.71571
8800 1.00431 0.0806207 0.734874
8900 1.00431 0.178693 0.740738
9000 1.00431 0.0635589 0.652582
9100 1.00431 0.18868 0.686927
9200 1.00431 0.0825995 0.576492
9300 1.00431 0.194082 0.763287
9400 1.00431 0.10251 0.707267
9500 1.00431 0.151776 0.75178
9600 1.00431 0.253946 0.697959
9700 1.00431 0.0216303 0.67866
9800 1.00431 0.0330897 0.710795
9900 1.00431 0.102408 0.702302
10000 1.00431 0.159286 0.650913
