0 0.449443 0.134428 0.266682
10 0.490715 0.169341 0.283347
20 0.490715 0.194141 0.292716
30 0.516445 0.146511 0.303358
40 0.536693 0.192815 0.305376
50 0.536693 0.172227 0.307544
60 0.536698 0.186969 0.302654
70 0.536698 0.170114 0.283934
80 0.576009 0.167962 0.323653
90 0.576009 0.189395 0.335271
100 0.600476 0.131246 0.343681
110 0.613493 0.200538 0.341891
120 0.613493 0.210749 0.346119
130 0.620656 0.174734 0.33324
140 0.620656 0.125754 0.369045
150 0.632149 0.212973 0.349204
160 0.646606 0.147041 0.353357
170 0.648934 0.199796 0.368952
180 0.648934 0.13735 0.321995
190 0.652506 0.167073 0.322303
200 0.652506 0.131637 0.335996
210 0.652506 0.144971 0.332852
220 0.652506 0.220137 0.400879
230 0.652506 0.241801 0.393863
240 0.652506 0.227938 0.386417
250 0.652506 0.225207 0.371989
260 0.674351 0.124901 0.349579
270 0.674351 0.195598 0.341487
280 0.674921 0.149336 0.365808
290 0.6969 0.143608 0.379604
300 0.722664 0.201559 0.335266
310 0.723402 0.161173 0.360187
320 0.723402 0.21232 0.38623
330 0.723402 0.228575 0.362716
340 0.723402 0.208613 0.414664
350 0.723402 0.25332 0.410906
360 0.723402 0.197043 0.359657
370 0.723402 0.17088 0.364339
380 0.723402 0.160498 0.356473
390 0.745999 0.172388 0.342824
400 0.745999 0.209057 0.36514
410 0.745999 0.252339 0.41746
420 0.746153 0.268569 0.434607
430 0.746189 0.217611 0.375919
440 0.752212 0.210771 0.380528
450 0.752212 0.246558 0.423283
460 0.752212 0.170183 0.391998
470 0.77245 0.232443 0.454297
480 0.781713 0.208015 0.397091
490 0.781878 0.200603 0.408866
500 0.79682 0.26877 0.410255
510 0.79682 0.220284 0.379061
520 0.79682 0.183758 0.341172
530 0.79682 0.198938 0.335207
540 0.79682 0.18407 0.34504
550 0.7998 0.218905 0.441102
560 0.801942 0.22234 0.447643
570 0.832953 0.185119 0.454134
580 0.839313 0.227507 0.427453
590 0.839313 0.196922 0.432337
600 0.839313 0.142494 0.413321
610 0.839313 0.289889 0.429412
620 0.839313 0.208417 0.428497
630 0.84124 0.239919 0.469272
640 0.84124 0.256289 0.469773
650 0.84124 0.252671 0.462225
660 0.84124 0.225195 0.414087
670 0.84124 0.237893 0.406852
680 0.84124 0.232823 0.419828
690 0.84124 0.247409 0.474605
700 0.84124 0.281301 0.50012
710 0.84124 0.220967 0.479439
720 0.84124 0.214557 0.42387
730 0.84124 0.205656 0.416509
740 0.84124 0.2448 0.406841
750 0.84124 0.2055 0.401787
760 0.84124 0.237506 0.397577
770 0.84124 0.212446 0.370282
780 0.84124 0.210988 0.371151
790 0.84124 0.216864 0.459082
800 0.841924 0.227086 0.418655
810 0.843235 0.256082 0.451222
820 0.843235 0.253792 0.446957
830 0.843235 0.205706 0.423505
840 0.843235 0.243561 0.445405
850 0.843235 0.241199 0.421038
860 0.843235 0.18812 0.381131
870 0.843235 0.245583 0.445534
880 0.843235 0.22659 0.359504
890 0.843235 0.205004 0.384575
900 0.852376 0.241484 0.451317
910 0.852376 0.331219 0.518074
920 0.853056 0.308396 0.504816
930 0.853056 0.213191 0.407781
940 0.853056 0.245164 0.429084
950 0.853056 0.170702 0.40623
960 0.853056 0.235512 0.431182
970 0.855945 0.221619 0.404143
980 0.855945 0.196364 0.428976
990 0.855945 0.263662 0.440052
1000 0.855945 0.253767 0.415483
1010 0.855945 0.253381 0.417229
1020 0.855945 0.277611 0.427026
1030 0.855945 0.289226 0.447037
1040 0.868469 0.258325 0.471079
1050 0.868469 0.221904 0.404857
1060 0.868469 0.291628 0.512357
1070 0.881155 0.266683 0.491429
1080 0.881155 0.267395 0.505461
1090 0.881196 0.287601 0.531545
1100 0.881196 0.251319 0.436839
1110 0.881196 0.228034 0.446654
1120 0.881196 0.201798 0.427796
1130 0.881196 0.221421 0.424292
1140 0.881196 0.229667 0.468626
1150 0.881196 0.260856 0.446446
1160 0.881196 0.199534 0.442335
1170 0.881196 0.240748 0.443707
1180 0.881196 0.273318 0.486525
1190 0.881196 0.265478 0.468526
1200 0.881196 0.223073 0.431104
1210 0.881196 0.196024 0.490299
1220 0.881196 0.219853 0.425259
1230 0.881196 0.225963 0.417897
1240 0.881196 0.227602 0.411183
1250 0.881196 0.331597 0.527202
1260 0.881196 0.239063 0.441548
1270 0.881196 0.177478 0.408522
1280 0.881891 0.170855 0.447443
1290 0.881891 0.267018 0.530374
1300 0.881891 0.268702 0.432696
1310 0.882437 0.22311 0.439711
1320 0.882437 0.315649 0.531346
1330 0.882437 0.335925 0.535936
1340 0.882437 0.257301 0.474394
1350 0.882437 0.228593 0.453022
1360 0.882437 0.262124 0.501947
1370 0.898598 0.313546 0.522758
1380 0.898598 0.28773 0.451226
1390 0.898598 0.263668 0.484767
1400 0.898598 0.302036 0.470802
1410 0.898598 0.238104 0.447128
1420 0.90007 0.298967 0.506914
1430 0.90007 0.290634 0.529309
1440 0.90007 0.264329 0.481847
1450 0.90007 0.286417 0.484333
1460 0.930165 0.36685 0.547769
1470 0.930165 0.254819 0.489134
1480 0.930165 0.306993 0.495404
1490 0.930165 0.343615 0.47288
1500 0.930165 0.250763 0.533611
1510 0.930165 0.267482 0.509937
1520 0.930165 0.271372 0.486519
1530 0.930165 0.249813 0.439431
1540 0.930165 0.277072 0.480178
1550 0.930165 0.241366 0.455004
1560 0.930165 0.198818 0.404445
1570 0.930165 0.236433 0.49742
1580 0.930165 0.241536 0.498741
1590 0.930165 0.28863 0.499314
1600 0.930165 0.275607 0.431336
1610 0.930165 0.181761 0.464854
1620 0.930165 0.213011 0.449698
1630 0.930165 0.334373 0.53797
1640 0.930165 0.296225 0.542483
1650 0.93018 0.252789 0.471792
1660 0.93018 0.279235 0.524366
1670 0.93018 0.252913 0.535597
1680 0.93018 0.333362 0.542499
1690 0.93018 0.287494 0.504316
1700 0.93018 0.311815 0.535799
1710 0.93018 0.309811 0.49976
1720 0.93018 0.228912 0.468296
1730 0.93018 0.273061 0.437531
1740 0.93018 0.28237 0.492229
1750 0.93018 0.259439 0.47899
1760 0.93018 0.25586 0.471227
1770 0.93018 0.203717 0.425204
1780 0.93018 0.243549 0.474388
1790 0.93018 0.252165 0.471705
1800 0.93018 0.240458 0.450021
1810 0.93018 0.208314 0.415914
1820 0.93018 0.368564 0.54388
1830 0.93018 0.288489 0.50347
1840 0.93018 0.311536 0.504532
1850 0.93018 0.285107 0.504187
1860 0.93018 0.238642 0.458759
1870 0.93018 0.30122 0.467302
1880 0.93018 0.301224 0.456372
1890 0.93018 0.259167 0.466059
1900 0.93018 0.295347 0.492835
1910 0.93018 0.24627 0.458549
1920 0.93018 0.374696 0.565547
1930 0.930999 0.300789 0.515187
1940 0.931148 0.224003 0.502605
1950 0.931148 0.265067 0.452254
1960 0.931148 0.277066 0.476319
1970 0.936403 0.250087 0.448995
1980 0.936403 0.207974 0.443985
1990 0.936403 0.218434 0.449019
2000 0.936403 0.279113 0.493307
