0 0.631652 0.0149251 0.262698
100 0.988927 0.100691 0.70064
200 0.988927 0.238073 0.739829
300 0.993493 0.059218 0.656665
400 0.995706 0.191187 0.652465
500 0.995706 0.131371 0.754159
600 0.995706 0.195157 0.725096
700 0.995706 0.129288 0.72285
800 0.995706 0.170955 0.682468
900 0.995706 0.239426 0.729057
1000 0.995706 0.184053 0.714173
1100 0.995706 0.0789207 0.68889
1200 0.995706 0.204633 0.748363
1300 0.995706 0.198412 0.696221
1400 0.995706 0.120997 0.682579
1500 0.995706 0.268581 0.723276
1600 0.995706 0.108809 0.683118
1700 0.995706 0.24639 0.70832
1800 0.995706 0.114569 0.653692
1900 0.995706 0.203528 0.692021
2000 0.995706 0.067775 0.618603
2100 0.995706 0.160321 0.675678
2200 0.995706 0.178084 0.727788
2300 0.995706 0.24225 0.740783
2400 0.995706 0.191085 0.614878
2500 0.995706 0.174325 0.621186
2600 0.995706 0.130497 0.654788
2700 0.995706 0.016915 0.663555
2800 0.995706 0.289175 0.786012
2900 0.995706 0.202193 0.648959
3000 0.995706 0.167982 0.673501
3100 0.995706 0.143465 0.756075
3200 0.995706 0.182198 0.721665
3300 0.995706 0.273968 0.684202
3400 0.995706 0.153682 0.786817
3500 0.995706 0.150905 0.720019
3600 0.995706 0.0373269 0.642604
3700 0.995706 0.202283 0.685116
3800 0.995706 0.302136 0.719599
3900 0.995706 0.309907 0.77916
4000 0.995706 0.24022 0.795709
4100 0.995706 0.126548 0.611288
4200 0.995706 0.266364 0.734328
4300 0.995706 0.259889 0.778429
4400 0.995706 0.217365 0.688348
4500 0.995706 0.19182 0.679299
4600 0.995706 0.135337 0.680897
4700 0.995706 0.222268 0.705818
4800 0.995706 0.223693 0.769511
4900 0.995706 0.178002 0.744326
5000 0.995706 0.150065 0.696381
5100 0.995706 0.167902 0.662328
5200 0.995706 0.113075 0.739574
5300 0.995706 0.113536 0.677544
5400 0.995706 0.0528282 0.739242
5500 0.995706 0.175566 0.64219
5600 0.995706 0.105406 0.686156
5700 0.995706 0.299177 0.74799
5800 0.995706 0.229249 0.724721
5900 0.995706 0.201485 0.732021
6000 0.995706 0.165377 0.686244
6100 0.995706 0.164203 0.643431
6200 0.995706 0.211336 0.680303
6300 0.995706 0.222525 0.749341
6400 0.995706 0.177348 0.712609
6500 0.995706 0.0579853 0.662999
6600 1.00328 0.145775 0.734912
6700 1.00328 0.127366 0.60407
6800 1.00507 0.100785 0.714061
6900 1.00507 0.128121 0.732422
7000 1.00507 0.216255 0.697782
7100 1.00507 0.0836243 0.65798
7200 1.00507 0.141438 0.654832
7300 1.00507 0.230197 0.694623
7400 1.00507 0.0627183 0.712331
7500 1.00507 0.0510977 0.678009
7600 1.00507 0.122886 0.701118
7700 1.00507 0.274636 0.779197
7800 1.00507 0.234389 0.698941
7900 1.00507 0.114215 0.740213
8000 1.00507 0.11264 0.73581
8100 1.00507 0.117809 0.716399
8200 1.00507 0.0785533 0.64697
8300 1.00507 0.0708165 0.694696
8400 1.00507 0.197388 0.734149
8500 1.00507 0.195309 0.695268
8600 1.00507 0.231563 0.733089
8700 1.00507 0.100333 0.717483
8800 1.00507 0.181834 0.723214
8900 1.00507 0.0972165 0.734856
9000 1.00507 0.208132 0.736206
9100 1.00507 0.120727 0.729455
9200 1.00507 0.126473 0.680016
9300 1.00507 0.191043 0.72817
9400 1.00507 0.241659 0.690281
9500 1.00507 0.300403 0.747268
9600 1.00507 0.260793 0.712304
9700 1.00507 0.163039 0.770972
9800 1.00507 0.0820439 0.715965
9900 1.00507 0.109527 0.711012
10000 1.00507 0.211492 0.681886
