0 0.662026 0 0.267048
100 0.988037 0.169654 0.734555
200 0.989366 0.121835 0.650376
300 0.989366 0.189047 0.709271
400 0.991794 0.0676517 0.638235
500 0.995096 0.222073 0.718651
600 0.995924 0.297422 0.735109
700 0.995924 0.224972 0.677384
800 0.995924 0.165229 0.746071
900 0.995924 0.169839 0.65799
1000 0.998767 0.0665274 0.718295
1100 0.998767 0.280534 0.72746
1200 0.998767 0.114973 0.725127
1300 0.998767 0.101526 0.704037
1400 0.998767 0.163763 0.714534
1500 0.998767 0.11882 0.623773
1600 0.998767 0.21515 0.79354
1700 0.998767 0.21456 0.777947
1800 0.998767 0.157254 0.722666
1900 0.998767 0.109883 0.740359
2000 0.998767 0.270681 0.70696
2100 0.998767 0.125197 0.673471
2200 0.998767 0.108835 0.775199
2300 0.998767 0.155795 0.750979
2400 0.998767 0.137781 0.704906
2500 0.998767 0.0979247 0.720112
2600 0.999565 0.225688 0.648807
2700 0.999565 0.0193091 0.608404
2800 0.999565 0.180533 0.702309
2900 0.999565 0.209639 0.691717
3000 0.999565 0.262931 0.707914
3100 0.999565 0.1923 0.662577
3200 0.999565 0.176969 0.700222
3300 0.999565 0.29188 0.720886
3400 0.999565 0.120336 0.713431
3500 0.999565 0.0659211 0.655663
3600 0.999565 0.161526 0.638187
3700 0.999565 0.210578 0.758588
3800 0.999565 0.0576038 0.714554
3900 0.999565 0.0640632 0.636556
4000 1.00027 0.208554 0.773264
4100 1.00027 0.197135 0.786722
4200 1.00027 0.351658 0.719614
4300 1.00162 0.265646 0.775059
4400 1.00321 0.164582 0.71047
4500 1.00321 0.233004 0.79774
4600 1.00321 0.154852 0.75853
4700 1.00321 0.0819047 0.672121
4800 1.00321 0.211002 0.735185
4900 1.00321 0.237719 0.748705
5000 1.00321 0.122875 0.736737
5100 1.00321 0.18207 0.68346
5200 1.00321 0.345986 0.793661
5300 1.00321 0.189522 0.703423
5400 1.00321 0.384542 0.786593
5500 1.00321 0.207537 0.790127
5600 1.00321 0.235722 0.748192
5700 1.00321 0.18207 0.617434
5800 1.00321 0.164091 0.745242
5900 1.00321 0.241379 0.715323
6000 1.00321 0.190849 0.691995
6100 1.00321 0.200305 0.70031
6200 1.00321 0.198985 0.683892
6300 1.00321 0.134324 0.721682
6400 1.00321 0.284027 0.703832
6500 1.00321 0.0613743 0.792349
6600 1.00321 0.292784 0.701905
6700 1.00321 0.192778 0.781176
6800 1.00321 0.189879 0.746999
6900 1.00321 0.203293 0.65221
7000 1.00321 0.263392 0.789704
7100 1.00321 0.124747 0.67437
7200 1.00321 0.240294 0.745392
7300 1.00321 0.203293 0.739657
7400 1.00321 0.152425 0.644676
7500 1.00321 0.108106 0.716818
7600 1.00321 0.250577 0.736951
7700 1.00321 0.244975 0.73184
7800 1.00321 0.0786442 0.759822
7900 1.00321 0.0636608 0.707984
8000 1.00321 0.141281 0.706576
8100 1.00321 0.169247 0.665018
8200 1.00321 0.183655 0.680542
8300 1.00321 0.160204 0.733124
8400 1.00321 0.102718 0.753613
8500 1.00321 0.016915 0.701783
8600 1.00321 0.24206 0.674514
8700 1.00321 0.0457097 0.715347
8800 1.00321 0.237227 0.760367
8900 1.00321 0.121421 0.573992
9000 1.00321 0.192015 0.699836
9100 1.00321 0.29367 0.730389
9200 1.00321 0.240456 0.791968
9300 1.00321 0.208294 0.732329
9400 1.00321 0.0779074 0.717943
9500 1.00321 0.131876 0.716223
9600 1.00321 0.134462 0.727498
9700 1.00321 0.0874229 0.671015
9800 1.00321 0.280664 0.726426
9900 1.00321 0.0827682 0.676758
10000 1.00321 0.101526 0.629769
