0 0.460438 0.106405 0.267832
100 0.984559 0.540276 0.910974
200 0.99389 0.690113 0.918084
300 0.994069 0.71363 0.910371
400 0.994784 0.701017 0.953729
500 0.995583 0.631523 0.93177
600 0.999952 0.739361 0.946661
700 1.00024 0.666904 0.916289
800 1.00024 0.749835 0.94276
900 1.00024 0.781125 0.937105
1000 1.00026 0.719568 0.927221
1100 1.00026 0.702761 0.920142
1200 1.0003 0.688691 0.931622
1300 1.00044 0.766166 0.932589
1400 1.00047 0.66441 0.922178
1500 1.00068 0.742616 0.9464
1600 1.0007 0.824072 0.951554
1700 1.00084 0.756536 0.936138
1800 1.00084 0.781254 0.945374
1900 1.00084 0.789848 0.951471
2000 1.00084 0.723366 0.922198
2100 1.00084 0.733383 0.950601
2200 1.00084 0.761691 0.935692
2300 1.00084 0.714967 0.924248
2400 1.00084 0.698639 0.92048
2500 1.00084 0.701223 0.927945
2600 1.00084 0.754163 0.943293
2700 1.00084 0.52602 0.941948
2800 1.00084 0.617888 0.933342
2900 1.00084 0.740546 0.939741
3000 1.00084 0.628673 0.938481
3100 1.00084 0.697135 0.92587
3200 1.00096 0.773548 0.949054
3300 1.00109 0.722958 0.919281
3400 1.00124 0.64942 0.906516
3500 1.00127 0.644132 0.929917
3600 1.00127 0.631142 0.92471
3700 1.00128 0.769253 0.944671
3800 1.0013 0.76663 0.931247
3900 1.00132 0.684364 0.907344
4000 1.00132 0.810736 0.968144
4100 1.00132 0.777083 0.943991
4200 1.00132 0.741578 0.980011
4300 1.00132 0.756494 0.926163
4400 1.00132 0.756334 0.947578
4500 1.00132 0.735424 0.93658
4600 1.00132 0.683138 0.938846
4700 1.00132 0.750841 0.936434
4800 1.00132 0.723217 0.931593
4900 1.00132 0.707908 0.934564
5000 1.00132 0.690687 0.945346
5100 1.00132 0.725929 0.94624
5200 1.00132 0.634103 0.92298
5300 1.00132 0.817324 0.947537
5400 1.00132 0.854623 0.975846
5500 1.00132 0.736087 0.940499
5600 1.00132 0.793113 0.957972
5700 1.00132 0.736771 0.928528
5800 1.00132 0.716116 0.91101
5900 1.00132 0.595115 0.936328
6000 1.00132 0.662044 0.933709
6100 1.00132 0.696138 0.921481
6200 1.00132 0.808233 0.966355
6300 1.00132 0.645591 0.913945
6400 1.00134 0.611739 0.925703
6500 1.00134 0.708563 0.963379
6600 1.00134 0.738437 0.943379
6700 1.00134 0.658764 0.936835
6800 1.00134 0.733701 0.940707
6900 1.00134 0.78077 0.956085
7000 1.00134 0.732645 0.945566
7100 1.00134 0.768706 0.941892
7200 1.00134 0.556017 0.911661
7300 1.00134 0.767016 0.951219
7400 1.00136 0.698526 0.936698
7500 1.00136 0.665287 0.911957
7600 1.00136 0.709864 0.942734
7700 1.00136 0.636392 0.930473
7800 1.00136 0.766733 0.959476
7900 1.00149 0.819692 0.954566
8000 1.00149 0.623267 0.924199
8100 1.00149 0.753134 0.966014
8200 1.00149 0.704755 0.958381
8300 1.00154 0.747196 0.940791
8400 1.00163 0.662094 0.933213
8500 1.00164 0.701448 0.924605
8600 1.00164 0.747403 0.950629
8700 1.00164 0.821485 0.959973
8800 1.00164 0.752009 0.964968
8900 1.00164 0.721157 0.937193
9000 1.00164 0.623554 0.916416
9100 1.00164 0.774827 0.946931
9200 1.00164 0.725215 0.961012
9300 1.00164 0.729862 0.92764
9400 1.00164 0.641788 0.919507
9500 1.00164 0.723403 0.933529
9600 1.00164 0.628229 0.924373
9700 1.00164 0.646432 0.906991
9800 1.00164 0.696393 0.938484
9900 1.00164 0.718324 0.937428
10000 1.00164 0.632369 0.910515
