0 0.45463 0.113136 0.265699
100 0.966328 0.868365 0.956248
200 0.985175 0.888242 0.974959
300 0.990897 0.906076 0.975192
400 0.996441 0.903895 0.984012
500 0.998998 0.89849 0.981594
600 0.999053 0.912271 0.982542
700 0.999108 0.899999 0.987566
800 0.999172 0.884197 0.982196
900 0.999469 0.864578 0.97837
1000 0.999675 0.864532 0.978666
1100 0.999677 0.898574 0.982421
1200 0.99972 0.864455 0.983863
1300 0.999745 0.866699 0.986488
1400 0.999765 0.923458 0.984729
1500 0.999888 0.860472 0.985094
1600 0.999995 0.829839 0.976608
1700 1.00006 0.917567 0.988342
1800 1.00016 0.844242 0.980816
1900 1.00016 0.892331 0.988627
2000 1.00018 0.882219 0.982776
2100 1.0002 0.907479 0.986846
2200 1.00021 0.895616 0.987044
2300 1.00025 0.902058 0.986003
2400 1.00029 0.915867 0.990397
2500 1.00029 0.884327 0.976536
2600 1.00031 0.916004 0.989724
2700 1.00031 0.905561 0.986693
2800 1.00031 0.880187 0.984122
2900 1.00031 0.889134 0.987703
3000 1.00031 0.830741 0.978943
3100 1.00033 0.856005 0.983146
3200 1.00035 0.91717 0.989171
3300 1.00038 0.903723 0.987634
3400 1.00038 0.928758 0.990692
3500 1.00043 0.931909 0.992592
3600 1.00043 0.8071 0.984162
3700 1.00044 0.884792 0.982304
3800 1.00044 0.796032 0.970438
3900 1.00044 0.894588 0.99381
4000 1.00044 0.888292 0.985794
4100 1.00047 0.837263 0.978851
4200 1.00047 0.944836 0.989917
4300 1.00047 0.946329 0.99563
4400 1.00047 0.841023 0.98095
4500 1.00047 0.881122 0.982715
4600 1.00047 0.841838 0.98176
4700 1.00047 0.873549 0.982002
4800 1.0005 0.905685 0.984767
4900 1.0005 0.883 0.983236
5000 1.00054 0.890245 0.987819
5100 1.00055 0.839171 0.979653
5200 1.00068 0.8619 0.982995
5300 1.00068 0.910021 0.989949
5400 1.00068 0.913263 0.985366
5500 1.0007 0.874904 0.984633
5600 1.00071 0.869569 0.990064
5700 1.00071 0.842536 0.975241
5800 1.00071 0.880771 0.981226
5900 1.00071 0.853929 0.977331
6000 1.00071 0.809754 0.98149
6100 1.00071 0.856859 0.98769
6200 1.00071 0.88556 0.970476
6300 1.00071 0.90873 0.984303
6400 1.00072 0.837146 0.970347
6500 1.00073 0.884023 0.986503
6600 1.00073 0.915018 0.984302
6700 1.00074 0.903099 0.987756
6800 1.00074 0.883527 0.979898
6900 1.00074 0.914051 0.986414
7000 1.00074 0.84924 0.973936
7100 1.00074 0.883459 0.986152
7200 1.00074 0.91023 0.988873
7300 1.00076 0.869088 0.975329
7400 1.00076 0.836291 0.978734
7500 1.00078 0.894351 0.981487
7600 1.00078 0.904747 0.989267
7700 1.00091 0.870898 0.990858
7800 1.00091 0.89818 0.986379
7900 1.00092 0.818261 0.977726
8000 1.00092 0.883536 0.983292
8100 1.00093 0.913914 0.988606
8200 1.00094 0.853754 0.976548
8300 1.00094 0.916655 0.988143
8400 1.00094 0.876832 0.991637
8500 1.00094 0.899686 0.983662
8600 1.00094 0.867713 0.986163
8700 1.00094 0.889678 0.982685
8800 1.00094 0.834093 0.975252
8900 1.00094 0.894183 0.978545
9000 1.00094 0.874711 0.983365
9100 1.00094 0.898423 0.988625
9200 1.00094 0.861124 0.981685
9300 1.00094 0.867017 0.983315
9400 1.00094 0.903779 0.993986
9500 1.00094 0.938921 0.993635
9600 1.00094 0.866738 0.972536
9700 1.00094 0.880507 0.983248
9800 1.00094 0.907182 0.991121
9900 1.00094 0.853651 0.984182
10000 1.00094 0.879243 0.977241
