0 0.721781 0.0191529 0.26174
100 0.992 0.118738 0.698384
200 0.992 0.182192 0.780281
300 0.996787 0.103358 0.652046
400 0.996787 0.14018 0.618258
500 0.996787 0.213561 0.691302
600 0.996787 0.0866969 0.657267
700 0.996787 0.150329 0.680524
800 0.996787 0.264123 0.725542
900 0.996787 0.188698 0.721389
1000 0.996787 0.199638 0.739949
1100 0.996787 0.199273 0.669542
1200 0.996787 0.225135 0.631504
1300 0.996787 0.161247 0.650322
1400 0.996787 0.150412 0.691703
1500 0.996787 0.118474 0.625062
1600 0.996787 0.240128 0.6951
1700 0.996787 0.174887 0.699304
1800 0.996787 0.132262 0.739411
1900 0.996787 0.0771707 0.673602
2000 0.996787 0.224382 0.69678
2100 0.996787 0.147734 0.697016
2200 0.996787 0.177772 0.741937
2300 0.996787 0.347986 0.716316
2400 0.996787 0.215991 0.742296
2500 0.996787 0.21368 0.701486
2600 0.996787 0.0606683 0.670073
2700 0.996787 0.21188 0.762315
2800 0.996787 0.0777197 0.700428
2900 0.996787 0.245282 0.786225
3000 0.996787 0.148207 0.712996
3100 0.996787 0.188901 0.6164
3200 0.996787 0.202434 0.7017
3300 0.996787 0.197101 0.699836
3400 0.996787 0.0807187 0.740332
3500 0.996787 0.228042 0.733462
3600 0.996787 0.106587 0.677204
3700 0.996787 0.182003 0.64267
3800 0.996787 0.228277 0.782713
3900 0.996787 0.0999763 0.679048
4000 0.996787 0.305038 0.74649
4100 0.996787 0.0194101 0.679767
4200 0.996787 0.202129 0.741808
4300 0.996787 0.210797 0.733789
4400 0.996787 0.147983 0.753621
4500 0.996787 0.247503 0.727483
4600 0.996787 0.260303 0.729235
4700 0.996787 0.229624 0.725975
4800 0.996787 0.145904 0.600952
4900 0.996787 0.0931552 0.660706
5000 0.996787 0.145116 0.689388
5100 0.996787 0.151813 0.746962
5200 0.996787 0.172114 0.755003
5300 0.996787 0.234918 0.702634
5400 0.996787 0.276569 0.680861
5500 0.996787 0.0699149 0.71318
5600 0.996787 0.228227 0.73503
5700 0.996787 0.201914 0.666656
5800 0.996787 0.264973 0.712058
5900 0.996787 0.197859 0.716825
6000 0.996787 0.12786 0.675283
6100 0.996787 0.149882 0.670005
6200 0.996787 0.259224 0.74319
6300 0.996787 0.0852619 0.689641
6400 0.996787 0.101731 0.718751
6500 0.996787 0.164257 0.628513
6600 0.996787 0.183836 0.725372
6700 0.996787 0.23219 0.684395
6800 0.996787 0.242644 0.716876
6900 0.996787 0.0607078 0.69094
7000 0.996787 0.339576 0.775881
7100 0.996787 0.226933 0.806014
7200 0.996787 0.216381 0.694999
7300 0.996787 0.0846603 0.717291
7400 0.996787 0.276569 0.791431
7500 0.996787 0.190007 0.707812
7600 0.996787 0.131872 0.729384
7700 0.996787 0.178636 0.77811
7800 0.996787 0.145665 0.71479
7900 0.996787 0.185839 0.726507
8000 0.996787 0.218434 0.708627
8100 0.996787 0.319702 0.708879
8200 0.996787 0.205478 0.693438
8300 0.996787 0.214407 0.730465
8400 0.996787 0.150267 0.699864
8500 0.996787 0.171647 0.692764
8600 0.996787 0.171556 0.746673
8700 0.996787 0.141639 0.678477
8800 0.996787 0.204202 0.694247
8900 0.996787 0.229361 0.673041
9000 0.996787 0.146857 0.728194
9100 0.996787 0.0738191 0.725707
9200 0.996787 0.19754 0.720643
9300 0.996787 0.117352 0.681658
9400 0.996787 0.203893 0.733568
9500 0.996787 0.194483 0.692064
9600 0.996787 0.0739883 0.69344
9700 0.996787 0.15184 0.687415
9800 0.996787 0.101874 0.682837
9900 0.996787 0.0998371 0.750631
10000 0.996787 0.255891 0.675795
