0 0.435224 0.0808552 0.256503
100 0.981233 0.676133 0.907844
200 0.992737 0.750813 0.942397
300 0.993512 0.680793 0.918622
400 0.994599 0.785217 0.949787
500 0.994629 0.656144 0.89159
600 0.999316 0.76857 0.961474
700 0.999328 0.640024 0.929194
800 0.999428 0.702589 0.934223
900 0.999428 0.716114 0.917724
1000 0.999428 0.685397 0.92382
1100 0.999428 0.732493 0.935397
1200 0.999428 0.631613 0.904273
1300 0.999428 0.665204 0.943451
1400 0.999428 0.701384 0.927366
1500 0.999428 0.775598 0.958347
1600 0.999428 0.749196 0.933038
1700 0.999428 0.712738 0.936745
1800 0.999428 0.701027 0.922562
1900 0.999428 0.694249 0.904563
2000 0.999428 0.671263 0.939927
2100 0.999428 0.642771 0.948522
2200 0.999428 0.771747 0.959765
2300 0.999428 0.649885 0.924347
2400 0.999428 0.590798 0.923297
2500 0.999428 0.708769 0.927523
2600 0.999428 0.722467 0.929532
2700 0.999428 0.649069 0.892827
2800 0.999428 0.741928 0.935014
2900 0.999428 0.651966 0.902937
3000 0.999428 0.696343 0.954857
3100 0.999428 0.718317 0.924213
3200 0.999428 0.743953 0.953515
3300 0.999428 0.702195 0.919711
3400 0.999428 0.559835 0.906658
3500 0.999428 0.675268 0.930476
3600 0.999428 0.631105 0.906093
3700 0.999428 0.665917 0.924992
3800 0.999428 0.745803 0.944431
3900 0.999428 0.684915 0.919641
4000 0.999428 0.75359 0.94067
4100 0.999428 0.760968 0.941347
4200 0.999428 0.738378 0.936299
4300 0.999428 0.712876 0.941191
4400 0.999428 0.713982 0.933304
4500 0.999436 0.725276 0.950938
4600 0.999473 0.730106 0.935423
4700 0.99981 0.674567 0.930724
4800 0.999814 0.748204 0.932848
4900 0.999829 0.769065 0.958448
5000 0.999955 0.795938 0.944016
5100 0.999979 0.687573 0.93675
5200 1.00034 0.792121 0.94605
5300 1.00042 0.64922 0.905299
5400 1.00053 0.671507 0.948046
5500 1.00053 0.749062 0.943364
5600 1.00053 0.752346 0.9481
5700 1.00053 0.73823 0.941337
5800 1.00053 0.688283 0.920515
5900 1.00053 0.672037 0.910581
6000 1.00053 0.720647 0.941009
6100 1.00053 0.770636 0.932284
6200 1.00053 0.832457 0.967869
6300 1.00053 0.744385 0.954589
6400 1.00053 0.784302 0.952757
6500 1.00053 0.709165 0.930524
6600 1.00053 0.755454 0.934791
6700 1.00053 0.625781 0.938373
6800 1.00053 0.573104 0.938756
6900 1.00053 0.66645 0.91683
7000 1.00053 0.641359 0.90191
7100 1.00053 0.717005 0.934412
7200 1.00053 0.67976 0.929308
7300 1.00053 0.744189 0.965451
7400 1.00053 0.625717 0.937686
7500 1.00055 0.749727 0.941259
7600 1.00055 0.741293 0.933862
7700 1.00063 0.705776 0.93507
7800 1.00071 0.697004 0.933238
7900 1.00087 0.617699 0.92962
8000 1.00101 0.730191 0.949455
8100 1.00109 0.736183 0.954608
8200 1.00109 0.763573 0.941074
8300 1.00116 0.700559 0.932025
8400 1.00116 0.698977 0.95796
8500 1.00116 0.682159 0.914133
8600 1.00116 0.672195 0.945643
8700 1.00116 0.575455 0.934703
8800 1.00116 0.623787 0.935095
8900 1.00116 0.725702 0.947285
9000 1.00116 0.642155 0.908552
9100 1.00116 0.760115 0.95466
9200 1.00116 0.70452 0.944785
9300 1.00116 0.714601 0.910439
9400 1.00116 0.632334 0.954269
9500 1.00116 0.617755 0.950823
9600 1.00116 0.801883 0.935884
9700 1.00116 0.736916 0.947094
9800 1.00116 0.741309 0.917381
9900 1.00116 0.740663 0.932149
10000 1.00116 0.642601 0.948254
