9 0.71578 0.251515 0.526795
19 0.875915 0.406941 0.655372
29 0.905474 0.495986 0.74767
39 0.931714 0.481999 0.776724
49 0.931732 0.425099 0.814541
59 0.938957 0.583525 0.810629
69 0.946243 0.44059 0.730366
79 0.947142 0.450284 0.783255
89 0.951842 0.646494 0.862697
99 0.956433 0.390302 0.712109
109 0.957556 0.557119 0.82702
119 0.965481 0.588167 0.851087
129 0.965883 0.507407 0.848486
139 0.970281 0.442513 0.812713
149 0.970281 0.591349 0.805794
159 0.983488 0.496881 0.736648
169 0.983648 0.547544 0.844544
179 0.983648 0.57985 0.86543
189 0.983648 0.530322 0.806774
199 0.985811 0.494282 0.868652
209 0.98663 0.319665 0.785269
219 0.98663 0.397002 0.756712
229 0.98663 0.575739 0.791403
239 0.98663 0.383366 0.752941
249 0.98663 0.319865 0.751721
259 0.98663 0.452412 0.821545
269 0.98663 0.466084 0.780299
279 0.997549 0.56423 0.818113
289 0.997549 0.437638 0.786517
299 0.998239 0.435496 0.87029
309 0.998239 0.545676 0.906416
319 0.998239 0.499605 0.783997
329 0.998239 0.501619 0.862643
339 0.998239 0.448412 0.841867
349 0.998239 0.543802 0.778913
359 0.998239 0.583461 0.904011
369 0.998239 0.659109 0.878138
379 0.998775 0.462867 0.814407
389 0.998775 0.601576 0.859558
399 0.998775 0.433551 0.842169
409 0.998816 0.644819 0.851749
419 0.998816 0.676903 0.906316
429 0.998816 0.565278 0.81207
439 0.998816 0.386841 0.787343
449 0.998816 0.58313 0.868179
459 0.998816 0.280735 0.727265
469 0.998816 0.460198 0.815516
479 0.998816 0.471662 0.785464
489 0.998816 0.429976 0.742213
499 0.998816 0.643801 0.843857
509 0.998816 0.45653 0.747054
519 0.998816 0.508117 0.784976
529 0.998816 0.476659 0.796957
539 0.998816 0.299542 0.758856
549 0.998816 0.5641 0.915641
559 0.998816 0.502266 0.859541
569 0.998816 0.40199 0.842205
579 0.998816 0.619567 0.829043
589 0.998816 0.616779 0.835318
599 0.998816 0.575526 0.870234
609 0.998816 0.351335 0.860282
619 0.998816 0.391012 0.726638
629 0.998816 0.436895 0.714095
639 0.999078 0.623342 0.898346
649 0.999078 0.519773 0.847398
659 0.999078 0.40722 0.73903
669 0.999078 0.510072 0.804271
679 0.999078 0.478214 0.816401
689 0.999078 0.674896 0.873471
699 0.999078 0.621389 0.857224
709 0.999078 0.398791 0.712172
719 0.999078 0.540466 0.850259
729 0.999078 0.596273 0.879253
739 0.999078 0.51533 0.779675
749 0.999078 0.493318 0.830158
759 0.999078 0.406547 0.735741
769 0.999078 0.496934 0.793192
779 0.999078 0.413909 0.807871
789 0.999078 0.5986 0.802031
799 0.999078 0.468476 0.790141
809 0.999078 0.415716 0.830549
819 0.999078 0.529623 0.774904
829 0.999078 0.483966 0.8372
839 0.999078 0.44896 0.746531
849 0.999078 0.538744 0.800716
859 0.999078 0.448 0.772981
869 0.999078 0.590202 0.88599
879 0.999078 0.699602 0.910081
889 0.999078 0.449157 0.83924
899 0.999078 0.487363 0.785792
909 0.999078 0.552637 0.815673
919 0.999078 0.601568 0.896145
929 0.999078 0.550936 0.868438
939 0.999078 0.481472 0.826578
949 0.999078 0.645043 0.872951
959 0.999078 0.614373 0.924202
969 0.999078 0.651125 0.864793
979 0.999078 0.650003 0.889982
989 0.999078 0.49838 0.875843
999 0.999078 0.552369 0.8642
1009 0.999078 0.569706 0.875577
1019 0.999078 0.574278 0.837022
1029 0.999078 0.547642 0.859439
1039 0.999078 0.537912 0.846447
1049 0.999078 0.42375 0.851653
1059 0.999078 0.474151 0.840937
1069 0.999078 0.511323 0.76991
1079 0.999078 0.429632 0.753359
1089 0.999078 0.322385 0.754025
1099 0.999078 0.477082 0.86076
1109 0.999078 0.510927 0.848296
1119 0.999078 0.524688 0.828122
1129 0.999078 0.332827 0.758741
1139 0.999078 0.426044 0.785919
1149 0.999078 0.356107 0.808931
1159 0.999078 0.584824 0.829745
1169 0.999078 0.46973 0.737973
1179 0.999078 0.492755 0.789978
1189 0.999078 0.447125 0.838524
1199 0.999078 0.569852 0.78524
1209 0.999078 0.631919 0.88631
1219 0.999078 0.473587 0.774631
1229 0.999078 0.527902 0.831483
1239 0.999078 0.552815 0.876471
1249 0.999078 0.55671 0.832277
1259 0.999078 0.286217 0.780494
1269 0.999078 0.620409 0.886233
1279 0.999078 0.480875 0.793883
1289 0.999078 0.466521 0.904187
1299 0.999078 0.449826 0.851874
1309 0.999078 0.638681 0.844153
1319 0.999078 0.665864 0.866458
1329 0.999078 0.565518 0.849018
1339 0.999078 0.469201 0.816618
1349 0.999078 0.518646 0.790547
1359 0.999078 0.584963 0.778197
1369 0.999078 0.65683 0.881538
1379 0.999078 0.59856 0.833039
1389 0.999078 0.465732 0.846906
1399 0.999078 0.490539 0.839789
1409 0.999078 0.477136 0.793103
1419 0.999078 0.602346 0.889466
1429 0.999078 0.540875 0.839029
1439 0.999078 0.552231 0.91201
1449 0.999078 0.618892 0.848633
1459 0.999078 0.47575 0.829624
1469 0.999078 0.236847 0.785584
1479 0.999078 0.341581 0.735185
1489 0.999078 0.561461 0.861413
1499 0.999078 0.463728 0.785437
1509 0.999078 0.376656 0.800113
1519 0.999078 0.521736 0.849176
1529 0.999078 0.358451 0.846109
1539 0.999078 0.561559 0.799787
1549 0.999078 0.490219 0.780307
1559 0.999078 0.499499 0.854809
1569 0.999078 0.420337 0.725524
1579 0.999078 0.708263 0.938155
1589 0.999078 0.599017 0.875218
1599 0.999078 0.452365 0.758862
1609 0.999078 0.690502 0.864566
1619 0.999078 0.42423 0.803419
1629 0.999078 0.441121 0.830198
1639 0.999078 0.582996 0.84395
1649 0.999078 0.473358 0.872521
1659 0.999078 0.518319 0.801148
1669 0.999078 0.528011 0.908301
1679 0.999078 0.506905 0.816527
1689 0.999078 0.563586 0.849291
1699 0.999078 0.515713 0.774778
1709 0.999078 0.620871 0.846256
1719 0.999078 0.553537 0.864857
1729 0.999078 0.495848 0.841331
1739 0.999078 0.622717 0.853988
1749 0.999078 0.554253 0.852073
1759 0.999078 0.606879 0.881818
1769 0.999078 0.482639 0.791382
1779 0.999078 0.560051 0.794105
1789 0.999078 0.382588 0.780705
1799 0.999078 0.447321 0.784675
1809 0.999078 0.534715 0.797671
1819 0.999078 0.499491 0.785329
1829 0.999078 0.598094 0.885118
1839 0.999628 0.489648 0.848574
1849 0.999628 0.697776 0.885548
1859 0.999628 0.476208 0.778631
1869 0.999628 0.503108 0.811338
1879 0.999628 0.502897 0.812875
1889 0.999628 0.5079 0.770287
1899 0.999628 0.381891 0.784266
1909 0.999628 0.739302 0.924585
1919 0.999628 0.514784 0.837579
1929 0.999628 0.284451 0.860931
1939 0.999628 0.54454 0.843635
1949 0.999628 0.610697 0.86029
1959 0.999628 0.500431 0.777764
1969 0.999628 0.570723 0.819023
1979 0.999628 0.633704 0.836623
1989 0.999628 0.475015 0.775703
1999 0.999628 0.471347 0.853964
2009 0.999628 0.464133 0.817169
2019 0.999628 0.400487 0.805632
2029 0.999628 0.408208 0.726919
2039 0.999628 0.33209 0.682772
2049 0.999628 0.531661 0.816109
2059 0.999628 0.639669 0.855218
2069 0.999628 0.642791 0.90453
2079 0.999628 0.526612 0.792687
2089 0.999628 0.656224 0.923223
2099 0.999628 0.350843 0.774347
2109 0.999628 0.535108 0.789743
2119 0.999628 0.510317 0.848332
2129 0.999628 0.660409 0.898264
2139 0.999628 0.548569 0.864271
2149 0.999628 0.349445 0.819248
2159 0.999628 0.523931 0.834702
2169 0.999628 0.568356 0.829251
2179 0.999628 0.387587 0.746811
2189 0.999628 0.567719 0.813416
2199 0.999628 0.447072 0.791588
2209 0.999628 0.557417 0.871045
2219 0.999628 0.57273 0.903194
2229 0.999628 0.67985 0.88073
2239 0.999628 0.402628 0.801216
2249 0.999628 0.620743 0.885901
2259 0.999628 0.514543 0.822346
2269 0.999628 0.501983 0.808958
2279 0.999628 0.619425 0.878116
2289 0.999628 0.587467 0.847887
2299 0.999628 0.590126 0.823302
2309 0.999628 0.567057 0.852085
2319 0.999628 0.296008 0.793859
2329 0.999628 0.569388 0.809743
2339 0.999628 0.530439 0.784778
2349 0.999628 0.358569 0.758602
2359 0.999628 0.546661 0.905859
2369 0.999628 0.499045 0.80388
2379 0.999628 0.375626 0.803539
2389 0.999628 0.559077 0.850507
2399 0.999628 0.509037 0.882023
2409 0.999628 0.568429 0.879744
2419 0.999628 0.489417 0.826768
2429 0.999628 0.522881 0.779181
2439 0.999628 0.559336 0.810205
2449 0.999628 0.460408 0.740957
2459 0.999628 0.467697 0.745306
2469 0.999628 0.553326 0.823444
2479 0.999628 0.403898 0.806449
2489 0.999628 0.419544 0.7734
2499 0.999628 0.19266 0.82419
