0 0.676812 0 0.275917
100 0.959517 0.231174 0.599233
200 0.999915 0.178667 0.637051
300 0.999915 0.0379447 0.748122
400 0.999915 0.300254 0.807781
500 0.999915 0.29159 0.716144
600 0.999915 0.298914 0.767639
700 0.999915 0.21081 0.710167
800 0.999915 0.0904576 0.666449
900 0.999915 0.244334 0.766184
1000 0.999915 0.202724 0.679663
1100 0.999915 0.286683 0.666435
1200 0.999915 0.188228 0.74605
1300 0.999915 0.218058 0.696981
1400 0.999915 0.0683039 0.629704
1500 0.999915 0.239087 0.726934
1600 0.999915 0.245982 0.760755
1700 0.999915 0.204378 0.674363
1800 0.999915 0.166666 0.709146
1900 0.999915 0.0218352 0.717535
2000 0.999915 0.233349 0.735613
2100 0.999915 0.293241 0.724406
2200 0.999915 0.186861 0.69514
2300 0.999915 0.208158 0.751615
2400 0.999915 0.194391 0.685266
2500 0.999915 0.0426067 0.683552
2600 0.999915 0.0791911 0.721291
2700 0.999915 0.152646 0.695891
2800 0.999915 0.363831 0.797795
2900 0.999915 0.204384 0.725343
3000 0.999915 0.194888 0.614285
3100 0.999915 0.0444294 0.648577
3200 0.999915 0.0597212 0.725894
3300 0.999915 0.315093 0.811737
3400 0.999915 0.197182 0.689692
3500 0.999915 0.136118 0.644894
3600 0.999915 0.205703 0.682104
3700 0.999915 0.191984 0.772278
3800 0.999915 0.357671 0.806653
3900 0.999915 0.239032 0.766171
4000 0.999915 0.194888 0.757503
4100 0.999915 0.0975776 0.65114
4200 0.999915 0.191764 0.683507
4300 0.999915 0.191806 0.619331
4400 0.999915 0.0529987 0.700249
4500 0.999915 0.0678283 0.693713
4600 0.999915 0.177815 0.721813
4700 0.999915 0.158145 0.728939
4800 0.999915 0.185154 0.782319
4900 0.999915 0.242827 0.755342
5000 0.999915 0.260593 0.650717
5100 0.999915 0.196425 0.661162
5200 0.999915 0.121355 0.641487
5300 0.999915 0.0869353 0.648587
5400 0.999915 0.244259 0.699752
5500 0.999915 0.198947 0.737882
5600 0.999915 0.0372303 0.796182
5700 0.999915 0.15534 0.749253
5800 0.999915 0.297508 0.70774
5900 0.999915 0.310006 0.850728
6000 0.999915 0.289138 0.742723
6100 0.999915 0.0804307 0.784926
6200 0.999915 0.260693 0.727017
6300 0.999915 0.21576 0.684118
6400 0.999915 0.0574728 0.739448
6500 0.999915 0.259994 0.79473
6600 0.999915 0.179971 0.642448
6700 0.999915 0.274139 0.773278
6800 0.999915 0.0901511 0.657622
6900 0.999915 0.290261 0.776548
7000 0.999915 0.0649686 0.726741
7100 0.999915 0.255851 0.77501
7200 0.999915 0.174215 0.700621
7300 0.999915 0.330047 0.781286
7400 0.999915 0.267397 0.745626
7500 0.999915 0.246229 0.675713
7600 0.999915 0.0410408 0.633874
7700 0.999915 0.174039 0.688002
7800 0.999915 0.169381 0.69076
7900 0.999915 0.257612 0.771756
8000 0.999915 0.209391 0.723227
8100 0.999915 0.108232 0.634901
8200 0.999915 0.239841 0.770089
8300 0.999915 0.209594 0.596768
8400 0.999915 0.228241 0.716734
8500 0.999915 0.240449 0.747485
8600 0.999915 0.0228051 0.600598
8700 0.999915 0.199196 0.752349
8800 0.999915 0.0942276 0.751222
8900 0.999915 0.204594 0.761156
9000 0.999915 0.105912 0.694691
9100 0.999915 0.272233 0.778354
9200 0.999915 0.126761 0.696778
9300 0.999915 0.0704931 0.766061
9400 0.999915 0.192847 0.792456
9500 0.999915 0.320777 0.758756
9600 0.999915 0.218686 0.6719
9700 0.999915 0.16351 0.720557
9800 0.999915 0.166488 0.670501
9900 0.999915 0.223607 0.727645
10000 0.999915 0.120902 0.690779
