0 0.762663 0 0.267334
100 0.983902 0.0879532 0.765273
200 0.987097 0.18596 0.690421
300 0.987097 0.210693 0.689214
400 0.987097 0.287317 0.7548
500 0.987097 0.181911 0.744052
600 0.99604 0.0845596 0.658018
700 0.99604 0.0703975 0.688098
800 0.99604 0.0228051 0.673524
900 0.99604 0.068027 0.62516
1000 0.99604 0.200176 0.697807
1100 0.99604 0.264764 0.685383
1200 0.99604 0.0640806 0.675087
1300 0.99604 0.174429 0.721085
1400 0.99604 0.295572 0.759578
1500 0.99604 0.21366 0.691186
1600 0.99604 0.106414 0.7154
1700 0.99604 0.158078 0.682038
1800 0.99604 0.121872 0.674208
1900 0.99604 0.21214 0.751195
2000 0.99604 0.261459 0.681648
2100 0.99604 0.137717 0.682342
2200 0.99604 0.198584 0.63939
2300 0.99604 0.180097 0.696494
2400 0.99604 0.183709 0.703558
2500 0.99604 0.186197 0.677245
2600 0.99604 0.209267 0.663978
2700 0.99604 0.186701 0.739882
2800 0.99604 0.197211 0.785389
2900 0.99604 0.0593217 0.743949
3000 0.99604 0.117069 0.673572
3100 0.99604 0.198552 0.69041
3200 0.99604 0.127423 0.714826
3300 0.99604 0.0520687 0.606627
3400 0.99604 0.286651 0.758639
3500 0.99604 0.202931 0.775477
3600 0.99604 0.148557 0.777026
3700 0.99604 0.204752 0.690919
3800 0.99604 0.223459 0.730074
3900 0.99604 0.168196 0.700366
4000 0.99604 0.205505 0.651631
4100 0.99604 0.122946 0.654278
4200 0.99604 0.25402 0.717801
4300 0.99604 0.0579652 0.706022
4400 0.99604 0.117108 0.663964
4500 0.99604 0.121626 0.740524
4600 0.99604 0.15373 0.698922
4700 0.99604 0.227889 0.696489
4800 0.99604 0.182032 0.715411
4900 0.99604 0.190404 0.723648
5000 0.99604 0.31044 0.764522
5100 0.99604 0.203395 0.710229
5200 0.99604 0.109923 0.733712
5300 0.99604 0.257993 0.713654
5400 0.99604 0.274265 0.661158
5500 0.99604 0.112863 0.713701
5600 0.99604 0.257573 0.763883
5700 0.99604 0.19883 0.690044
5800 0.99604 0.153906 0.673107
5900 0.99604 0.0881474 0.618824
6000 0.99604 0.281974 0.797977
6100 0.99604 0.147313 0.733708
6200 0.99604 0.187775 0.654664
6300 0.99604 0.226207 0.749574
6400 0.99604 0.251218 0.689304
6500 0.99604 0.100658 0.669163
6600 0.99604 0.175687 0.647134
6700 0.99604 0.19727 0.756026
6800 0.99604 0.141176 0.685805
6900 0.99604 0.200234 0.764905
7000 0.99604 0.275249 0.782147
7100 0.99604 0.186692 0.801763
7200 0.99604 0.137871 0.664682
7300 0.99604 0.20637 0.645171
7400 0.99604 0.210572 0.73238
7500 0.99604 0.0834749 0.704131
7600 0.99604 0.247586 0.728959
7700 0.99604 0.255827 0.691082
7800 0.99604 0.119133 0.603745
7900 0.99604 0.157595 0.71621
8000 0.99604 0.0772381 0.607629
8100 0.99604 0.040475 0.712051
8200 0.99604 0.161911 0.648156
8300 0.99604 0.247538 0.718895
8400 0.99604 0.0931133 0.68616
8500 0.99604 0.143728 0.69529
8600 0.99604 0.239198 0.715837
8700 0.997159 0.147558 0.653602
8800 0.998587 0.251836 0.764296
8900 0.998587 0.0534753 0.658269
9000 0.998587 0.102252 0.663821
9100 0.998587 0.213346 0.672445
9200 0.998587 0.131367 0.738553
9300 0.998587 0.311754 0.769974
9400 0.998587 0.327102 0.76646
9500 0.998587 0.183235 0.762442
9600 0.998587 0.0234816 0.676237
9700 0.998587 0.253443 0.755275
9800 0.998587 0.0802083 0.745191
9900 0.998587 0.166253 0.718473
10000 0.998587 0.27277 0.657389
