0 0.70348 0.017417 0.262763
100 0.987036 0.242806 0.701365
200 0.987036 0.234561 0.754657
300 0.987036 0.169021 0.65107
400 0.9931 0.156444 0.723766
500 0.996965 0.290687 0.72764
600 0.996965 0.067138 0.687274
700 0.996965 0.202433 0.686165
800 0.996965 0.203316 0.715379
900 0.997851 0.123685 0.65209
1000 0.997851 0.207627 0.663087
1100 0.997851 0.208251 0.706992
1200 0.997851 0.231817 0.706175
1300 0.997851 0.241335 0.789239
1400 0.997851 0.0849355 0.674423
1500 0.997851 0.0855381 0.596345
1600 0.997851 0.197561 0.703712
1700 0.997851 0.182091 0.676382
1800 0.997851 0.160659 0.669433
1900 0.997851 0.0861824 0.740603
2000 0.997851 0.128526 0.642978
2100 0.997851 0.154269 0.690497
2200 0.997851 0.162824 0.767094
2300 0.997851 0.0967159 0.700088
2400 0.997851 0.267376 0.667948
2500 0.997851 0.223413 0.693269
2600 0.997851 0.210249 0.632052
2700 0.997851 0.142992 0.733346
2800 0.997851 0.296064 0.737558
2900 0.997851 0.243308 0.698113
3000 0.997851 0.238092 0.686768
3100 0.997851 0.187505 0.703859
3200 0.997851 0.277131 0.737106
3300 0.997851 0.104504 0.673477
3400 0.997851 0.170165 0.713526
3500 0.997851 0.0731643 0.713246
3600 0.997851 0.225418 0.694142
3700 0.997851 0.123346 0.72297
3800 0.997851 0.166152 0.718068
3900 0.997851 0.125312 0.659405
4000 0.997851 0.101578 0.670311
4100 0.997851 0.120447 0.642948
4200 0.997851 0.211834 0.649203
4300 0.997851 0.22333 0.755091
4400 0.997851 0.280302 0.802077
4500 0.997851 0.235239 0.757885
4600 0.997851 0.174783 0.668256
4700 0.997851 0.0472617 0.637557
4800 0.997851 0.207721 0.746656
4900 0.997851 0.0609247 0.635394
5000 0.997851 0.0923914 0.655418
5100 0.997851 0.134898 0.64512
5200 0.997851 0.127306 0.689717
5300 0.997851 0.111226 0.631645
5400 0.997851 0.0675269 0.585546
5500 0.997851 0.128314 0.631687
5600 0.997851 0.105867 0.617764
5700 0.99896 0.120144 0.706509
5800 0.99896 0.343491 0.715097
5900 0.99896 0.0977381 0.749028
6000 0.99896 0.0581698 0.699306
6100 0.99896 0.0701222 0.67943
6200 0.99896 0.102023 0.662617
6300 0.99896 0.296692 0.714604
6400 0.99896 0.12457 0.709452
6500 0.99896 0.219842 0.676908
6600 0.99896 0.0697372 0.687535
6700 0.99896 0.123559 0.700345
6800 0.99896 0.339615 0.771309
6900 0.99896 0.267469 0.723615
7000 0.99896 0.161192 0.719944
7100 0.99896 0.23592 0.764915
7200 0.99896 0.0626697 0.622907
7300 0.99896 0.149286 0.614464
7400 0.99896 0.161986 0.593332
7500 0.99896 0.249666 0.645378
7600 0.99896 0.18013 0.704582
7700 0.99896 0.207255 0.747239
7800 0.99896 0.103869 0.7251
7900 0.99896 0.263858 0.688951
8000 0.99896 0.247029 0.726601
8100 1.00028 0.250078 0.655787
8200 1.00028 0.199091 0.768816
8300 1.00028 0.0533374 0.660661
8400 1.00028 0.222902 0.632064
8500 1.00028 0.131785 0.699733
8600 1.00028 0.100135 0.723939
8700 1.00028 0.179412 0.68164
8800 1.00028 0.12694 0.727638
8900 1.00028 0.034216 0.649433
9000 1.00028 0.241469 0.723674
9100 1.00028 0.0741665 0.70533
9200 1.00028 0.122469 0.612885
9300 1.00028 0.0827999 0.629497
9400 1.00028 0.230772 0.680691
9500 1.00028 0.114619 0.677574
9600 1.00028 0.0730103 0.687724
9700 1.00028 0.213499 0.728223
9800 1.00028 0.197382 0.682555
9900 1.00028 0.21225 0.668128
10000 1.00028 0.10494 0.706285
