0 0.516992 0.0793639 0.260145
100 0.984376 0.68788 0.917945
200 0.994082 0.684448 0.925597
300 0.998175 0.690064 0.927978
400 0.998458 0.725798 0.935448
500 0.998603 0.591351 0.920199
600 0.998999 0.61516 0.933207
700 0.999022 0.694873 0.939737
800 0.999399 0.71732 0.917676
900 0.999399 0.719726 0.920707
1000 0.999399 0.628652 0.918058
1100 0.999399 0.578029 0.912695
1200 0.999399 0.648334 0.922109
1300 0.999399 0.748063 0.923383
1400 0.999399 0.72897 0.914736
1500 0.999399 0.700287 0.942827
1600 0.999826 0.751521 0.944426
1700 0.999968 0.729185 0.940182
1800 0.999968 0.633755 0.897718
1900 0.999981 0.628076 0.933229
2000 0.999982 0.804027 0.950062
2100 1.00014 0.756867 0.944955
2200 1.00014 0.70679 0.90718
2300 1.00014 0.591324 0.914586
2400 1.00014 0.745009 0.952353
2500 1.00014 0.788044 0.969103
2600 1.00014 0.701641 0.901956
2700 1.00014 0.572761 0.936677
2800 1.00014 0.679552 0.927705
2900 1.00014 0.728741 0.916537
3000 1.00014 0.626506 0.907207
3100 1.00014 0.685134 0.918551
3200 1.00014 0.657835 0.935548
3300 1.00014 0.715099 0.926305
3400 1.00014 0.664325 0.920792
3500 1.00014 0.756471 0.935283
3600 1.00014 0.630668 0.934855
3700 1.00014 0.728938 0.942258
3800 1.00014 0.69671 0.948482
3900 1.00014 0.6893 0.940381
4000 1.00014 0.7597 0.958868
4100 1.00014 0.743712 0.935276
4200 1.00014 0.690232 0.939556
4300 1.00014 0.724789 0.943339
4400 1.00014 0.566893 0.901058
4500 1.00014 0.675593 0.917984
4600 1.00014 0.73737 0.935744
4700 1.00014 0.750045 0.9405
4800 1.00014 0.656884 0.927981
4900 1.00014 0.757751 0.946659
5000 1.00014 0.714058 0.94317
5100 1.00014 0.725795 0.956843
5200 1.00014 0.609462 0.916578
5300 1.00014 0.599641 0.919109
5400 1.00014 0.643304 0.913191
5500 1.00014 0.730638 0.93975
5600 1.00014 0.77365 0.945232
5700 1.00014 0.772737 0.960891
5800 1.00014 0.68878 0.923867
5900 1.00014 0.72925 0.94863
6000 1.00014 0.778783 0.949719
6100 1.00014 0.592174 0.93414
6200 1.00014 0.750853 0.915365
6300 1.00014 0.801206 0.963557
6400 1.00014 0.746049 0.942024
6500 1.00014 0.644131 0.939528
6600 1.00014 0.487145 0.912329
6700 1.00014 0.638978 0.940788
6800 1.00014 0.664166 0.930845
6900 1.00014 0.730514 0.916863
7000 1.00014 0.662011 0.93024
7100 1.00014 0.6971 0.953703
7200 1.00015 0.66048 0.939541
7300 1.00036 0.779929 0.9505
7400 1.00036 0.685077 0.904473
7500 1.00036 0.706727 0.934315
7600 1.00036 0.78088 0.950392
7700 1.00036 0.730685 0.945504
7800 1.00036 0.78338 0.965168
7900 1.00036 0.603966 0.920097
8000 1.00036 0.70504 0.921127
8100 1.00036 0.677883 0.888631
8200 1.00036 0.745272 0.940748
8300 1.00036 0.68204 0.934123
8400 1.00036 0.729001 0.933001
8500 1.00036 0.678115 0.938309
8600 1.00036 0.676083 0.939119
8700 1.00036 0.70874 0.934781
8800 1.00036 0.678934 0.947665
8900 1.00036 0.757511 0.944151
9000 1.00036 0.78153 0.931046
9100 1.00036 0.69362 0.915839
9200 1.00038 0.651775 0.949489
9300 1.00038 0.645751 0.919484
9400 1.00038 0.734175 0.939638
9500 1.00038 0.700643 0.928866
9600 1.00038 0.786483 0.956249
9700 1.00038 0.725507 0.933694
9800 1.00038 0.728936 0.939967
9900 1.00038 0.643496 0.927814
10000 1.00038 0.701678 0.93469
