0 0.58026 0 0.236603
100 0.984696 0.183696 0.684293
200 0.995467 0.164936 0.6756
300 0.995467 0.207531 0.782068
400 0.995467 0.273875 0.714532
500 0.995467 0.327535 0.765758
600 0.995467 0.210203 0.636817
700 0.995467 0.152665 0.694139
800 0.99903 0.123147 0.632352
900 1.00156 0.0888833 0.652614
1000 1.00156 0.204541 0.74643
1100 1.00156 0.120954 0.683753
1200 1.00156 0.101403 0.71297
1300 1.00156 0.114633 0.663328
1400 1.00156 0.164183 0.689839
1500 1.00156 0.0581732 0.704507
1600 1.00156 0.144811 0.569228
1700 1.00156 0.104766 0.701775
1800 1.00156 0.229648 0.819395
1900 1.00156 0.174254 0.697278
2000 1.00156 0.17187 0.721754
2100 1.00156 0.216258 0.642149
2200 1.00156 0.1771 0.75619
2300 1.00156 0.115289 0.674585
2400 1.00156 0.345788 0.812278
2500 1.00156 0.224433 0.697769
2600 1.00156 0.0132324 0.74982
2700 1.00156 0.0626162 0.628734
2800 1.00156 0.206388 0.61856
2900 1.00156 0.151002 0.751218
3000 1.00156 0.112366 0.747272
3100 1.00156 0.238986 0.728471
3200 1.00156 0.260417 0.710155
3300 1.00156 0.155561 0.660318
3400 1.00156 0.216333 0.646625
3500 1.00156 0.186556 0.739605
3600 1.00156 0.144744 0.605034
3700 1.00156 0.161392 0.736755
3800 1.00156 0.0192056 0.646987
3900 1.00156 0.166059 0.705765
4000 1.00156 0.195534 0.71203
4100 1.00156 0.190885 0.758276
4200 1.00156 0.0681226 0.671692
4300 1.00156 0.188164 0.686612
4400 1.00156 0.137718 0.591442
4500 1.00156 0.117376 0.735564
4600 1.00156 0.161243 0.688851
4700 1.00156 0.294533 0.720184
4800 1.00178 0.122073 0.744415
4900 1.00178 0.208275 0.648484
5000 1.00178 0.0603854 0.671089
5100 1.00178 0.146512 0.642343
5200 1.00178 0.282194 0.740211
5300 1.00178 0.279264 0.730996
5400 1.00178 0.18164 0.662217
5500 1.00178 0.221175 0.751249
5600 1.00178 0.140827 0.692711
5700 1.002 0.27595 0.751092
5800 1.002 0.159499 0.775834
5900 1.002 0.0941666 0.680809
6000 1.002 0.0991037 0.699326
6100 1.002 0.123356 0.664238
6200 1.002 0.157604 0.670747
6300 1.002 0.101309 0.604968
6400 1.002 0.0132324 0.750323
6500 1.002 0.249576 0.703525
6600 1.002 0.139795 0.7348
6700 1.002 0.24387 0.711284
6800 1.002 0.0765267 0.685171
6900 1.002 0.0895116 0.707984
7000 1.002 0.118167 0.641937
7100 1.002 0.229721 0.693825
7200 1.002 0.1016 0.69268
7300 1.002 0.255768 0.766331
7400 1.002 0.0594592 0.752014
7500 1.002 0.207672 0.679648
7600 1.002 0.219026 0.708198
7700 1.002 0.257368 0.80687
7800 1.002 0.101567 0.5573
7900 1.002 0.110134 0.629231
8000 1.002 0.167601 0.709051
8100 1.002 0.116849 0.639879
8200 1.002 0.211717 0.705076
8300 1.002 0.0973343 0.70959
8400 1.002 0.178261 0.68159
8500 1.002 0.209836 0.643647
8600 1.002 0.0677345 0.629651
8700 1.002 0.127275 0.723976
8800 1.002 0.0430452 0.701574
8900 1.002 0.0854802 0.668959
9000 1.002 0.122675 0.708318
9100 1.002 0.230532 0.66242
9200 1.002 0.262182 0.724903
9300 1.002 0.226413 0.710302
9400 1.002 0.165993 0.657038
9500 1.002 0.171145 0.711741
9600 1.002 0.106907 0.71463
9700 1.002 0.109527 0.683313
9800 1.002 0.267534 0.757518
9900 1.002 0.23197 0.696029
10000 1.002 0.288646 0.757822
