0 0.568041 0 0.273681
100 0.993875 0.0696186 0.660658
200 0.994512 0.124336 0.764367
300 0.994512 0.218303 0.625943
400 0.994512 0.27899 0.746798
500 0.994512 0.166262 0.743455
600 0.994512 0.0580929 0.695572
700 0.994512 0.0761739 0.662994
800 1.00233 0.0889833 0.702011
900 1.00233 0.151426 0.722023
1000 1.00233 0.204206 0.779281
1100 1.00233 0.232656 0.716632
1200 1.00233 0.0589018 0.699072
1300 1.00233 0.166834 0.740274
1400 1.00233 0.266305 0.757534
1500 1.00233 0.24294 0.718599
1600 1.00233 0.0430452 0.664828
1700 1.00233 0.0723728 0.695671
1800 1.00233 0.144711 0.687926
1900 1.00233 0.17538 0.678437
2000 1.00233 0.152043 0.704698
2100 1.00233 0.166992 0.698009
2200 1.00233 0.331535 0.815284
2300 1.00233 0.105131 0.6255
2400 1.00233 0.209085 0.74569
2500 1.00233 0.125064 0.658806
2600 1.00233 0.16105 0.670974
2700 1.00233 0.250213 0.675221
2800 1.00233 0.28281 0.751801
2900 1.00233 0.229802 0.676864
3000 1.00233 0.209789 0.678566
3100 1.00233 0.271798 0.715528
3200 1.00233 0.0821794 0.748727
3300 1.00233 0.129978 0.660102
3400 1.00233 0.288973 0.754662
3500 1.00233 0.190793 0.72701
3600 1.00233 0.177638 0.696752
3700 1.00233 0.208255 0.683973
3800 1.00233 0.202661 0.687951
3900 1.00233 0.142072 0.682076
4000 1.00233 0.151504 0.654278
4100 1.00233 0.165932 0.727213
4200 1.00233 0.232044 0.695972
4300 1.00233 0.0179377 0.626603
4400 1.00233 0.210551 0.704006
4500 1.00233 0.200314 0.739303
4600 1.00233 0.197229 0.777588
4700 1.00233 0.116516 0.684408
4800 1.00233 0.150102 0.654293
4900 1.00233 0.182003 0.618367
5000 1.00233 0.153088 0.672367
5100 1.00233 0.0913178 0.681557
5200 1.00233 0.186598 0.710567
5300 1.00233 0.231586 0.734848
5400 1.00233 0.227212 0.724357
5500 1.00233 0.141723 0.599579
5600 1.00233 0.283068 0.77693
5700 1.00233 0.128601 0.652077
5800 1.00233 0.206989 0.730831
5900 1.00233 0.0216303 0.65382
6000 1.00233 0.159543 0.702133
6100 1.00233 0.160458 0.682805
6200 1.00233 0.155155 0.766323
6300 1.00233 0.213029 0.69637
6400 1.00233 0.215839 0.692602
6500 1.00233 0.200423 0.710234
6600 1.00233 0.170002 0.690356
6700 1.00233 0.273894 0.760769
6800 1.0033 0.129054 0.666873
6900 1.0033 0.0671755 0.604405
7000 1.0033 0.261396 0.785849
7100 1.0033 0.228002 0.694286
7200 1.0033 0.207411 0.774743
7300 1.0033 0.0997909 0.616674
7400 1.0033 0.16785 0.67578
7500 1.00445 0.141389 0.778361
7600 1.00445 0.196835 0.757081
7700 1.00451 0.176596 0.716957
7800 1.00452 0.141489 0.709731
7900 1.00452 0.2302 0.700794
8000 1.00452 0.134607 0.733166
8100 1.00452 0.0581739 0.694935
8200 1.00452 0.176573 0.675942
8300 1.00452 0.125367 0.639928
8400 1.00452 0.429675 0.824781
8500 1.00452 0.0693354 0.658798
8600 1.00452 0.203931 0.641694
8700 1.00452 0.0368372 0.601988
8800 1.00452 0.175838 0.719822
8900 1.00452 0.129247 0.735184
9000 1.00452 0.177282 0.670055
9100 1.00452 0.139077 0.698082
9200 1.00452 0.180118 0.663418
9300 1.00452 0.224522 0.742589
9400 1.00452 0.200203 0.708551
9500 1.00452 0.235069 0.743812
9600 1.00452 0.207594 0.735686
9700 1.00452 0.156013 0.711527
9800 1.00452 0.186963 0.62005
9900 1.00452 0.10864 0.708683
10000 1.00452 0.0883009 0.653338
