0 0.367104 0.167671 0.261865
100 0.972529 0.860762 0.956982
200 0.990465 0.905926 0.98022
300 0.993991 0.907328 0.982494
400 0.996425 0.92826 0.985928
500 0.99771 0.927131 0.990441
600 0.999232 0.897357 0.982438
700 0.999289 0.890689 0.987879
800 0.999536 0.88029 0.975923
900 0.999705 0.8903 0.987482
1000 0.999717 0.859288 0.989447
1100 0.999767 0.934915 0.993065
1200 0.999883 0.836794 0.980955
1300 0.999885 0.920545 0.992913
1400 0.999893 0.864296 0.982608
1500 0.999973 0.844087 0.977209
1600 1.00008 0.905677 0.980095
1700 1.00015 0.902875 0.987816
1800 1.00023 0.891207 0.987867
1900 1.00024 0.902514 0.985269
2000 1.0003 0.929756 0.993385
2100 1.00033 0.89381 0.989713
2200 1.00064 0.907908 0.991122
2300 1.00064 0.934386 0.991946
2400 1.00064 0.856282 0.985408
2500 1.00064 0.887374 0.970658
2600 1.00065 0.90983 0.983753
2700 1.00065 0.790748 0.976074
2800 1.00065 0.907852 0.991124
2900 1.00065 0.812124 0.986724
3000 1.00065 0.918701 0.991103
3100 1.00071 0.889474 0.986502
3200 1.00071 0.908987 0.985159
3300 1.00071 0.829273 0.985412
3400 1.00071 0.851474 0.984341
3500 1.00072 0.896504 0.985536
3600 1.00072 0.791023 0.967686
3700 1.00078 0.851122 0.97664
3800 1.00081 0.91954 0.985723
3900 1.00081 0.883013 0.973206
4000 1.00082 0.873331 0.983061
4100 1.00082 0.845257 0.98035
4200 1.00082 0.916311 0.991405
4300 1.00082 0.856972 0.98454
4400 1.00082 0.916374 0.994598
4500 1.00082 0.861118 0.984075
4600 1.00082 0.89468 0.980827
4700 1.00082 0.901644 0.991234
4800 1.00089 0.87375 0.978079
4900 1.00092 0.88252 0.988551
5000 1.00092 0.930161 0.989875
5100 1.00092 0.906377 0.987259
5200 1.00092 0.915354 0.988836
5300 1.00092 0.90079 0.986204
5400 1.00092 0.83885 0.982753
5500 1.00092 0.786665 0.97752
5600 1.00092 0.831769 0.983177
5700 1.00092 0.930633 0.994385
5800 1.00092 0.842217 0.974642
5900 1.00092 0.900309 0.98868
6000 1.00093 0.866275 0.9847
6100 1.00093 0.902911 0.988662
6200 1.00093 0.810439 0.982653
6300 1.00093 0.925561 0.993276
6400 1.00093 0.893531 0.985061
6500 1.00093 0.871589 0.986789
6600 1.00093 0.874927 0.978454
6700 1.00093 0.9023 0.984808
6800 1.00093 0.936184 0.993489
6900 1.00093 0.924251 0.989627
7000 1.00093 0.902864 0.989338
7100 1.00093 0.855866 0.978439
7200 1.00093 0.833992 0.9883
7300 1.00093 0.838737 0.979554
7400 1.00093 0.860326 0.990492
7500 1.00093 0.859464 0.984146
7600 1.00093 0.909462 0.979057
7700 1.00093 0.905384 0.985273
7800 1.00093 0.933568 0.987448
7900 1.00093 0.89695 0.985845
8000 1.00093 0.882283 0.985499
8100 1.00093 0.903776 0.986444
8200 1.00093 0.910185 0.991158
8300 1.00093 0.864309 0.977557
8400 1.00093 0.933329 0.990577
8500 1.00093 0.876476 0.981199
8600 1.00093 0.8536 0.98268
8700 1.00093 0.933601 0.988287
8800 1.00093 0.86315 0.982682
8900 1.00093 0.881607 0.990658
9000 1.00093 0.870043 0.987015
9100 1.00093 0.905864 0.985499
9200 1.00093 0.873518 0.987738
9300 1.00093 0.892288 0.980487
9400 1.00093 0.865701 0.987316
9500 1.00093 0.907867 0.989145
9600 1.00093 0.856858 0.985783
9700 1.00093 0.880277 0.981492
9800 1.00093 0.900346 0.981378
9900 1.00093 0.898369 0.981567
10000 1.00093 0.868236 0.987746
