0 0.423021 0.153693 0.260337
100 0.951637 0.744044 0.929503
200 0.992332 0.861053 0.980523
300 0.99439 0.90871 0.983891
400 0.998004 0.909527 0.987724
500 0.998562 0.916747 0.99042
600 0.999746 0.809985 0.984789
700 0.9999 0.858595 0.982847
800 0.99993 0.854507 0.989229
900 0.999979 0.862989 0.981631
1000 0.999997 0.87429 0.989446
1100 1.00003 0.768088 0.981028
1200 1.00006 0.807493 0.969326
1300 1.00009 0.827675 0.978576
1400 1.0001 0.83603 0.98195
1500 1.00014 0.907681 0.981499
1600 1.00014 0.885188 0.98852
1700 1.00014 0.918034 0.992986
1800 1.00017 0.868838 0.985905
1900 1.00022 0.853205 0.972286
2000 1.00026 0.87211 0.988412
2100 1.0003 0.789231 0.978342
2200 1.00033 0.911527 0.985215
2300 1.00036 0.896705 0.985305
2400 1.00038 0.864179 0.978368
2500 1.0004 0.882978 0.986324
2600 1.00041 0.803661 0.983793
2700 1.00043 0.906577 0.988155
2800 1.00043 0.914547 0.990345
2900 1.00049 0.853054 0.978845
3000 1.00052 0.897596 0.986363
3100 1.00053 0.898226 0.989067
3200 1.00054 0.876151 0.986457
3300 1.00054 0.879081 0.983666
3400 1.00054 0.847818 0.984002
3500 1.00054 0.878054 0.980827
3600 1.00054 0.859655 0.985892
3700 1.00054 0.854302 0.978888
3800 1.00054 0.854412 0.971521
3900 1.00054 0.937899 0.994538
4000 1.00055 0.859669 0.983909
4100 1.00055 0.850355 0.971531
4200 1.00055 0.901215 0.989024
4300 1.00055 0.882773 0.981032
4400 1.00055 0.909808 0.986902
4500 1.00055 0.906025 0.988133
4600 1.00058 0.854323 0.983348
4700 1.00058 0.866023 0.986957
4800 1.00058 0.905784 0.984415
4900 1.00058 0.894103 0.982442
5000 1.00059 0.872785 0.986902
5100 1.0006 0.914628 0.984737
5200 1.00062 0.864554 0.977539
5300 1.00062 0.867101 0.977653
5400 1.00063 0.910806 0.987055
5500 1.00066 0.909741 0.990182
5600 1.0007 0.926362 0.990977
5700 1.0007 0.809683 0.98145
5800 1.0007 0.901035 0.984058
5900 1.0007 0.890855 0.988574
6000 1.0007 0.819902 0.974536
6100 1.0007 0.899437 0.983741
6200 1.0007 0.875081 0.986641
6300 1.0007 0.892873 0.982837
6400 1.0007 0.88573 0.984662
6500 1.0007 0.918468 0.993288
6600 1.0007 0.839699 0.989708
6700 1.00071 0.882534 0.985406
6800 1.00071 0.883028 0.987723
6900 1.00076 0.918577 0.992179
7000 1.00076 0.881129 0.981932
7100 1.00076 0.88597 0.973884
7200 1.00084 0.897016 0.984791
7300 1.00084 0.884673 0.980709
7400 1.00093 0.859643 0.985586
7500 1.00098 0.864609 0.979086
7600 1.00099 0.887126 0.980995
7700 1.00099 0.866183 0.976913
7800 1.00099 0.868393 0.987373
7900 1.00099 0.825241 0.973966
8000 1.00099 0.896519 0.985434
8100 1.00099 0.897021 0.986774
8200 1.00099 0.868564 0.986757
8300 1.00099 0.87994 0.981755
8400 1.00099 0.850816 0.974123
8500 1.00099 0.903634 0.99433
8600 1.00099 0.854703 0.99079
8700 1.00099 0.920012 0.993349
8800 1.00099 0.914433 0.98526
8900 1.00099 0.876793 0.993096
9000 1.00099 0.891631 0.987127
9100 1.00099 0.845525 0.978066
9200 1.00099 0.888073 0.976349
9300 1.00099 0.88888 0.989211
9400 1.00099 0.912013 0.991875
9500 1.00099 0.941217 0.996786
9600 1.00099 0.92849 0.992248
9700 1.00099 0.823245 0.987073
9800 1.00099 0.920206 0.985016
9900 1.00099 0.909991 0.985723
10000 1.00099 0.915045 0.987754
