0 0.619827 0 0.262283
100 0.948446 0.0703849 0.71288
200 0.991589 0.202757 0.721679
300 0.993476 0.236038 0.729057
400 0.993476 0.162087 0.744571
500 0.993476 0.254995 0.756211
600 0.993476 0.13984 0.676095
700 0.993476 0.191417 0.620403
800 0.993476 0.185555 0.70381
900 0.993476 0.186268 0.65239
1000 0.993476 0.257489 0.672584
1100 0.993918 0.221758 0.743941
1200 0.993918 0.305723 0.762643
1300 0.993918 0.175269 0.746854
1400 0.993918 0.30744 0.744374
1500 0.993918 0.186798 0.695267
1600 0.993918 0.197974 0.735698
1700 0.994426 0.1236 0.695604
1800 0.998361 0.240685 0.709438
1900 0.998361 0.167609 0.712026
2000 0.998361 0.138253 0.718089
2100 1.00326 0.222944 0.746205
2200 1.00326 0.125744 0.724883
2300 1.00326 0.144419 0.663966
2400 1.00326 0.159778 0.638129
2500 1.00326 0.178646 0.732898
2600 1.00326 0.28882 0.711227
2700 1.00326 0.133983 0.704302
2800 1.00326 0.179736 0.618896
2900 1.00326 0.1767 0.764041
3000 1.00326 0.264254 0.75077
3100 1.00326 0.209008 0.732882
3200 1.00326 0.184216 0.693488
3300 1.00326 0.282519 0.749632
3400 1.00326 0.134255 0.74801
3500 1.00326 0.13149 0.663822
3600 1.00326 0.18403 0.643016
3700 1.00326 0.128481 0.683069
3800 1.00326 0.234764 0.725561
3900 1.00326 0.0940839 0.646166
4000 1.00326 0.237106 0.757053
4100 1.00326 0.104241 0.688894
4200 1.00326 0.159351 0.662588
4300 1.00326 0.157538 0.750806
4400 1.00326 0.221081 0.708173
4500 1.00326 0.191355 0.712946
4600 1.00326 0.119169 0.628778
4700 1.00326 0.123356 0.707186
4800 1.00326 0.174063 0.642409
4900 1.00326 0.247953 0.733837
5000 1.00326 0.172448 0.633336
5100 1.00326 0.199563 0.623026
5200 1.00326 0.233653 0.749428
5300 1.00326 0.114598 0.686421
5400 1.00326 0.287168 0.766234
5500 1.00326 0.146038 0.672195
5600 1.00326 0.298916 0.770784
5700 1.00326 0.158049 0.669587
5800 1.00326 0.137583 0.749937
5900 1.00326 0.208499 0.743345
6000 1.00326 0.0684632 0.713162
6100 1.00326 0.0863873 0.719364
6200 1.00326 0.198277 0.746341
6300 1.00326 0.198321 0.725156
6400 1.00326 0.0553824 0.608027
6500 1.00326 0.185407 0.738191
6600 1.00326 0.138473 0.728128
6700 1.00326 0.27069 0.718985
6800 1.00326 0.074865 0.643813
6900 1.00326 0.118303 0.717945
7000 1.00326 0.148059 0.752285
7100 1.00326 0.0821142 0.690043
7200 1.00326 0.144478 0.746392
7300 1.00326 0.223312 0.677497
7400 1.00326 0.171059 0.615658
7500 1.00326 0.0424005 0.671276
7600 1.00326 0.120432 0.753014
7700 1.00326 0.205382 0.799929
7800 1.00326 0.19358 0.658846
7900 1.00326 0.234596 0.739528
8000 1.00326 0.213619 0.741824
8100 1.00326 0.20028 0.710059
8200 1.00326 0.0983485 0.618585
8300 1.00326 0.110109 0.710187
8400 1.00326 0.352745 0.714131
8500 1.00326 0.16362 0.679319
8600 1.00326 0.258489 0.7211
8700 1.00326 0.153287 0.708778
8800 1.00326 0.19728 0.716746
8900 1.00326 0.235 0.771365
9000 1.00326 0.211374 0.732123
9100 1.00326 0.208978 0.695509
9200 1.00326 0.130287 0.721258
9300 1.00326 0.17077 0.699782
9400 1.00326 0.142883 0.702393
9500 1.00326 0.208272 0.692613
9600 1.00326 0.223641 0.740355
9700 1.00326 0.123724 0.717685
9800 1.00326 0.280334 0.687058
9900 1.00326 0.309287 0.718343
10000 1.00326 0.196446 0.719541
