0 0.755549 0 0.257668
100 0.973485 0.0609944 0.609963
200 0.973485 0.244873 0.808703
300 0.973485 0.072447 0.592788
400 0.973485 0.0593514 0.696379
500 0.989343 0.148221 0.649167
600 0.994718 0.245638 0.681712
700 0.994718 0.154712 0.680507
800 0.994718 0.136665 0.657859
900 0.994718 0.206194 0.762996
1000 0.994718 0.1276 0.743675
1100 0.994718 0.247882 0.775226
1200 0.994718 0.202122 0.724357
1300 0.994718 0.391878 0.812415
1400 0.994718 0.176675 0.631849
1500 0.994718 0.173091 0.710063
1600 0.994718 0.144604 0.626466
1700 0.994718 0.175384 0.702689
1800 0.994718 0.183227 0.665463
1900 0.994718 0.184467 0.656222
2000 0.994718 0.0205466 0.69558
2100 0.994718 0.1287 0.702534
2200 0.994718 0.147924 0.616345
2300 0.994718 0.307242 0.755651
2400 0.994718 0.272527 0.738331
2500 0.994718 0.177312 0.645659
2600 0.994718 0.193131 0.68239
2700 0.994718 0.0859362 0.653507
2800 0.994718 0.12667 0.676075
2900 0.994718 0.154625 0.665175
3000 0.994718 0.235535 0.635377
3100 0.994718 0.166967 0.693679
3200 0.994718 0.0171733 0.705863
3300 0.994718 0.0368026 0.625669
3400 0.994718 0.237543 0.752102
3500 0.994718 0.121548 0.593512
3600 0.994718 0.119819 0.676814
3700 0.994718 0.120857 0.694148
3800 0.994718 0.0995754 0.59721
3900 0.994718 0.111515 0.676042
4000 0.994718 0.142546 0.701337
4100 0.994718 0.174193 0.715332
4200 0.994718 0.0529203 0.660295
4300 0.994718 0.217056 0.636056
4400 0.994718 0 0.722421
4500 0.994718 0.304652 0.74763
4600 0.994718 0.094711 0.596302
4700 0.994718 0.197728 0.684668
4800 0.994718 0.252278 0.721131
4900 0.994718 0.315929 0.733343
5000 0.994718 0.316355 0.786421
5100 0.994718 0.128346 0.665343
5200 0.994718 0.248618 0.784181
5300 0.994718 0.154361 0.661356
5400 0.994718 0.299513 0.755272
5500 0.994718 0.0384105 0.753099
5600 0.994718 0.178081 0.773262
5700 0.994718 0.207508 0.730859
5800 0.994718 0.0887826 0.682424
5900 0.994718 0.260854 0.62733
6000 0.994718 0.212371 0.651446
6100 0.994718 0.273466 0.718469
6200 0.994718 0.0596754 0.725442
6300 0.994718 0.298785 0.782946
6400 0.994718 0.294692 0.698049
6500 0.994718 0.213136 0.711409
6600 0.994718 0.180042 0.678481
6700 0.994718 0.0848636 0.688122
6800 0.994718 0.291396 0.71942
6900 0.994718 0.293047 0.726096
7000 0.994718 0.338124 0.7624
7100 0.994718 0.245403 0.734852
7200 0.994718 0.191566 0.701734
7300 0.994718 0.125872 0.647716
7400 0.994718 0.198112 0.661088
7500 0.994718 0.157933 0.652758
7600 0.994718 0.146514 0.663078
7700 0.994718 0.128271 0.63414
7800 0.994718 0.332402 0.679397
7900 0.994718 0.291841 0.713746
8000 0.994718 0.139993 0.714674
8100 0.994718 0.0768481 0.647434
8200 0.994718 0.184351 0.680078
8300 0.994718 0.0891198 0.697203
8400 0.994718 0.11902 0.621355
8500 0.994718 0.267197 0.754993
8600 0.994718 0.122789 0.668792
8700 0.994718 0.183865 0.768584
8800 0.994718 0.396285 0.818789
8900 0.994718 0.103014 0.650591
9000 0.994718 0.174203 0.664904
9100 0.994718 0.126408 0.689286
9200 0.994718 0.103685 0.678388
9300 0.994718 0.24985 0.776772
9400 0.994718 0.218368 0.758473
9500 0.994718 0.0615648 0.640733
9600 0.994718 0.154125 0.63074
9700 0.994718 0.0398152 0.671021
9800 0.994718 0.231738 0.73553
9900 0.994718 0.121632 0.69225
10000 0.994718 0.040377 0.661343
