0 0.68948 0.0191529 0.225928
10 0.8947 0.209495 0.702071
20 0.931181 0.405917 0.744784
30 0.931181 0.191723 0.722503
40 0.931181 0.249851 0.696291
50 0.931181 0.470015 0.792009
60 0.931181 0.0898133 0.739603
70 0.931181 0.183366 0.794346
80 0.931181 0.369052 0.790907
90 0.931181 0.280046 0.835911
100 0.931181 0.369052 0.851986
110 0.931181 0.223754 0.794788
120 0.931181 0.24558 0.766664
130 0.931181 0.191986 0.71653
140 0.931181 0.257751 0.703578
150 0.931181 0.218363 0.833375
160 0.931181 0.317675 0.755939
170 0.931181 0.502996 0.774922
180 0.931181 0.207035 0.688305
190 0.949924 0.229084 0.803282
200 0.986962 0.591696 0.90161
210 0.988412 0.486225 0.859999
220 0.988412 0.296113 0.827355
230 0.988412 0.402006 0.831793
240 0.988412 0.367836 0.807522
250 0.988412 0.411023 0.752384
260 0.988412 0.123157 0.729933
270 0.988412 0.267154 0.857568
280 0.988412 0.252748 0.782159
290 0.988412 0.286002 0.813136
300 0.988412 0.168567 0.670848
310 0.988412 0.549817 0.911232
320 0.988412 0.558043 0.879387
330 0.988412 0.234579 0.82579
340 0.988412 0.183051 0.829377
350 0.988412 0.22437 0.740474
360 0.988412 0.381079 0.779508
370 0.988412 0.276366 0.73328
380 0.988412 0.243976 0.730301
390 0.988412 0.251499 0.748645
400 0.988808 0.0235011 0.746103
410 0.988808 0.338495 0.839744
420 0.988808 0.214347 0.765098
430 0.988808 0.380392 0.76344
440 0.988808 0.213654 0.75076
450 0.988808 0.362949 0.846693
460 0.988808 0.177532 0.787305
470 0.988808 0.172131 0.747249
480 0.988808 0.503391 0.908786
490 0.988808 0.409655 0.816178
500 0.988808 0.260945 0.730115
510 0.988808 0.314607 0.808916
520 0.988808 0.391707 0.834314
530 0.988808 0.49547 0.862701
540 0.988808 0.29245 0.806141
550 0.988808 0.376517 0.783133
560 0.988808 0.321378 0.821492
570 0.988808 0.190339 0.815177
580 0.988808 0.233678 0.821066
590 0.988808 0.340949 0.699359
600 0.988808 0.316559 0.82426
610 0.988808 0.390477 0.805608
620 0.988808 0.376517 0.888214
630 0.988808 0.285049 0.758159
640 0.988808 0.501611 0.853288
650 0.988808 0.328427 0.771788
660 0.988808 0.321378 0.772738
670 0.988808 0.379817 0.848636
680 0.988808 0.333332 0.795351
690 0.988808 0.28719 0.741805
700 0.988808 0.302603 0.774873
710 0.988808 0.210347 0.750046
720 0.988808 0.187387 0.850256
730 0.988808 0.230337 0.762531
740 0.988808 0.320199 0.815829
750 0.988808 0.321378 0.77777
760 0.988808 0.354218 0.83267
770 0.988808 0.202984 0.790253
780 0.988808 0.376517 0.822678
790 0.988808 0.301826 0.847782
800 0.988808 0.473659 0.786116
810 0.988808 0.391973 0.808118
820 0.988808 0.209304 0.699833
830 0.988808 0.283677 0.710404
840 0.988808 0.559809 0.88474
850 0.988808 0.321378 0.876601
860 0.988808 0.235867 0.741474
870 0.988808 0.212188 0.81975
880 0.988808 0.376517 0.782473
890 0.988808 0.280098 0.767982
900 0.988808 0.489333 0.875851
910 0.988808 0.489006 0.761622
920 0.988808 0.244488 0.780324
930 0.988808 0.38379 0.836454
940 0.988808 0.351022 0.765984
950 0.988808 0.279329 0.781984
960 0.988808 0.133138 0.83179
970 0.988808 0.329873 0.826981
980 0.988808 0.234213 0.787741
990 0.988808 0.222979 0.699132
1000 0.988808 0.104014 0.784225
1010 0.988808 0.197601 0.759965
1020 0.988808 0.146712 0.749709
1030 0.988808 0.35263 0.814224
1040 0.988808 0.375686 0.783801
1050 0.988808 0.451288 0.864202
1060 0.988808 0.353992 0.816866
1070 0.988808 0.103982 0.815048
1080 0.988808 0.453529 0.831594
1090 0.988808 0.364983 0.795628
1100 0.988808 0.224387 0.698732
1110 0.988808 0.2171 0.816447
1120 0.988808 0.531247 0.874462
1130 0.988808 0.48362 0.849581
1140 0.988808 0.408724 0.861948
1150 0.988808 0.295545 0.799482
1160 0.988808 0.25671 0.801681
1170 0.988808 0.371493 0.788399
1180 0.988808 0.250646 0.762394
1190 0.988808 0.154331 0.748092
1200 0.988808 0.219034 0.776195
1210 0.988808 0.183247 0.790452
1220 0.988808 0.169938 0.752813
1230 0.988808 0.278187 0.750848
1240 0.988808 0.553796 0.932258
1250 0.988808 0.310079 0.829701
1260 0.988808 0.49896 0.908732
1270 0.988808 0.290238 0.784068
1280 0.988808 0.280882 0.829662
1290 0.988808 0.277698 0.801696
1300 0.988808 0.266449 0.833379
1310 0.988808 0.198892 0.815929
1320 0.988808 0.159739 0.856692
1330 0.988808 0.321378 0.809423
1340 0.988808 0.438963 0.803941
1350 0.988808 0.308853 0.833194
1360 0.988808 0.344416 0.886396
1370 0.988808 0.601853 0.920183
1380 0.988808 0.105666 0.806357
1390 0.988808 0.616981 0.961215
1400 0.988808 0.154838 0.825416
1410 0.988808 0.243459 0.738581
1420 0.988808 0.373356 0.677101
1430 0.988808 0.349289 0.820918
1440 0.988808 0.184265 0.742768
1450 0.988808 0.303388 0.776235
1460 0.988808 0.330996 0.789948
1470 0.988808 0.355846 0.857682
1480 0.988808 0.392128 0.853567
1490 0.988808 0.513566 0.90196
1500 0.988808 0.150994 0.759576
1510 0.988808 0.179674 0.762709
1520 0.988808 0.0920607 0.768842
1530 0.988808 0.244253 0.868817
1540 0.988808 0.296594 0.808906
1550 0.988808 0.388285 0.893192
1560 0.988808 0.358185 0.777643
1570 0.988808 0.275842 0.814991
1580 0.988808 0.186753 0.709004
1590 0.988808 0.487742 0.863544
1600 0.988808 0.271461 0.751735
1610 0.988808 0.38276 0.782249
1620 0.988808 0.321378 0.832121
1630 0.988808 0.281557 0.755002
1640 0.988808 0.188554 0.73856
1650 0.988808 0.321378 0.808451
1660 0.988808 0.514832 0.867226
1670 0.988808 0.514904 0.889633
1680 0.988808 0.35132 0.89963
1690 0.988808 0.18651 0.787767
1700 0.988808 0.565619 0.856447
1710 0.988808 0.512803 0.841845
1720 0.988808 0.368039 0.812658
1730 0.988808 0.23328 0.670611
1740 0.988808 0.204451 0.822299
1750 0.988808 0.276511 0.852278
1760 0.988808 0.189356 0.730692
1770 0.988808 0.217731 0.792627
1780 0.988808 0.362767 0.912195
1790 0.988808 0.376517 0.850554
1800 0.988808 0.321378 0.730715
1810 0.988808 0.213441 0.796923
1820 0.988808 0.453632 0.863809
1830 0.988808 0.428212 0.85508
1840 0.988808 0.565619 0.882223
1850 0.988808 0.376517 0.850929
1860 0.988808 0.400241 0.826034
1870 0.988808 0.308623 0.792682
1880 0.988808 0.177373 0.806513
1890 0.988808 0.391186 0.867244
1900 0.988808 0.246152 0.760049
1910 0.988808 0.48362 0.925286
1920 0.988808 0.303644 0.770339
1930 0.988808 0.349379 0.785425
1940 0.988808 0.143095 0.799487
1950 0.988808 0.454686 0.897663
1960 0.988808 0.287556 0.791879
1970 0.988808 0.294209 0.746091
1980 0.988808 0.245713 0.783927
1990 0.988808 0.564699 0.86916
2000 0.988808 0.375749 0.835489
2010 0.988808 0.294304 0.745223
2020 0.988808 0.449724 0.863188
2030 0.988808 0.38976 0.744596
2040 0.988808 0.259123 0.825458
2050 0.988808 0.289599 0.767114
2060 0.988808 0.206613 0.841837
2070 0.988808 0.376558 0.825053
2080 0.988808 0.115019 0.820742
2090 0.988808 0.216064 0.735516
2100 0.988808 0.236199 0.741071
2110 0.988808 0.354613 0.825073
2120 0.988808 0.233622 0.805547
2130 0.988808 0.321378 0.826847
2140 0.988808 0.531247 0.904644
2150 0.988808 0.304979 0.764413
2160 0.988808 0.202984 0.719952
2170 0.988808 0.111666 0.672785
2180 0.988808 0.394595 0.801469
2190 0.988808 0.12419 0.805535
2200 0.988808 0.33224 0.819844
2210 0.988808 0.396262 0.867626
2220 0.988808 0.0621478 0.762618
2230 0.988808 0.24537 0.850759
2240 0.988808 0.227192 0.663272
2250 0.988808 0.20867 0.642458
2260 0.988808 0.321378 0.835238
2270 0.988808 0.334784 0.726715
2280 0.988808 0.474001 0.863662
2290 0.988808 0.220503 0.810269
2300 0.988808 0.321378 0.848578
2310 0.988808 0.114802 0.678008
2320 0.988808 0.359876 0.81594
2330 0.988808 0.200732 0.868739
2340 0.988808 0.362558 0.776089
2350 0.988808 0.380807 0.784174
2360 0.988808 0.385396 0.831828
2370 0.988808 0.321378 0.898519
2380 0.988808 0.230539 0.818518
2390 0.988808 0.288761 0.810221
2400 0.988808 0.180382 0.796457
2410 0.988808 0.519595 0.875761
2420 0.988808 0.261428 0.688032
2430 0.988808 0.312611 0.800855
2440 0.988808 0.268073 0.849401
2450 0.988808 0.441287 0.844457
2460 0.988808 0.388515 0.82965
2470 0.988808 0.380006 0.817667
2480 0.988808 0.351112 0.834076
2490 0.988808 0.279329 0.817228
2500 0.988808 0.168638 0.805709
2510 0.988808 0.443995 0.790958
2520 0.988808 0.40435 0.811774
2530 0.988808 0.531247 0.889015
2540 0.988808 0.321378 0.749034
2550 0.988808 0.358141 0.890734
2560 0.988808 0.438306 0.812325
2570 0.988808 0.385544 0.79467
2580 0.988808 0.39799 0.809442
2590 0.988808 0.160155 0.764045
2600 0.988808 0.243459 0.691112
2610 0.988808 0.235132 0.810027
2620 0.988808 0.325017 0.848178
2630 0.988808 0.258309 0.796422
2640 0.988808 0.411541 0.831524
2650 0.988808 0.376819 0.840167
2660 0.988808 0.275017 0.799197
2670 0.988808 0.207618 0.720244
2680 0.988808 0.260228 0.766074
2690 0.988808 0.0901192 0.78577
2700 0.988808 0.294227 0.750213
2710 0.988808 0.375473 0.877351
2720 0.988808 0.424087 0.847854
2730 0.988808 0.376517 0.805578
2740 0.988808 0.267392 0.865291
2750 0.988808 0.49385 0.88229
2760 0.988808 0.240105 0.713091
2770 0.988808 0.316485 0.780861
2780 0.988808 0.299021 0.808434
2790 0.988808 0.328727 0.794496
2800 0.988808 0.4287 0.861034
2810 0.988808 0.172714 0.77502
2820 0.988808 0.374071 0.655267
2830 0.988808 0.321378 0.808524
2840 0.988808 0.321378 0.789065
2850 0.988808 0.213233 0.888968
2860 0.988808 0.169848 0.796542
2870 0.988808 0.173499 0.727435
2880 0.988808 0.321378 0.815724
2890 0.988808 0.359227 0.841852
2900 0.988808 0.228186 0.796059
2910 0.988808 0.243835 0.74827
2920 0.988808 0.22206 0.725426
2930 0.988808 0.440835 0.888231
2940 0.988808 0.285951 0.745276
2950 0.988808 0.230673 0.89024
2960 0.988808 0.278315 0.77506
2970 0.988808 0.325861 0.901156
2980 0.988808 0.326335 0.879942
2990 0.988808 0.294227 0.807168
3000 0.988808 0.225754 0.782578
