0 0.66295 0 0.275088
100 0.985957 0.234568 0.717054
200 0.98874 0.183336 0.693325
300 0.990348 0.182633 0.668858
400 0.990348 0.172063 0.671677
500 0.990348 0.0831953 0.71401
600 0.990348 0.0371753 0.738859
700 0.990348 0.1705 0.660474
800 0.990348 0.252464 0.696308
900 0.990348 0.283687 0.749417
1000 0.990348 0.143227 0.675287
1100 0.990348 0.251143 0.72537
1200 0.990348 0.135811 0.670314
1300 0.990348 0.155537 0.700877
1400 0.990348 0.117874 0.666697
1500 0.990348 0.0335127 0.711375
1600 0.990348 0.301455 0.731389
1700 0.990348 0.257746 0.786975
1800 0.990348 0.107919 0.698509
1900 0.992592 0.0144827 0.648215
2000 0.992592 0.214726 0.723876
2100 0.992592 0.130825 0.718233
2200 0.993244 0.119215 0.686589
2300 0.995611 0.177858 0.739831
2400 0.995611 0.19373 0.748143
2500 0.995611 0.178695 0.66171
2600 0.996753 0.193094 0.738915
2700 0.999657 0.0769388 0.606682
2800 0.999657 0.132968 0.719362
2900 1 0.0331918 0.711274
3000 1.00004 0.153698 0.723432
3100 1.00004 0.265803 0.695021
3200 1.00004 0.156812 0.701749
3300 1.00004 0.218247 0.733423
3400 1.00004 0.166574 0.6949
3500 1.00004 0.12873 0.679903
3600 1.00004 0.218725 0.664669
3700 1.00004 0.243247 0.748447
3800 1.00004 0.155749 0.720205
3900 1.00004 0.0829561 0.661047
4000 1.00004 0.161842 0.731801
4100 1.00004 0.120092 0.672559
4200 1.00004 0.275984 0.645847
4300 1.00004 0 0.605179
4400 1.00004 0.204196 0.694371
4500 1.00004 0.0696713 0.642445
4600 1.00004 0.274035 0.755408
4700 1.00004 0.252219 0.650538
4800 1.00004 0.0973575 0.707242
4900 1.00004 0.189789 0.672589
5000 1.00004 0.154604 0.674481
5100 1.00004 0.253243 0.687908
5200 1.00004 0.0919517 0.715258
5300 1.00004 0.210863 0.727165
5400 1.00004 0.241823 0.689198
5500 1.00004 0.226558 0.719644
5600 1.0012 0.181407 0.673852
5700 1.00203 0.142726 0.716965
5800 1.00203 0.258091 0.729176
5900 1.00203 0.0331918 0.604317
6000 1.00203 0.215897 0.678294
6100 1.00203 0.0572757 0.665157
6200 1.00203 0.092842 0.703435
6300 1.00203 0.101801 0.716333
6400 1.00203 0.118349 0.708779
6500 1.00203 0.126702 0.711142
6600 1.00203 0.18372 0.729524
6700 1.00203 0.0569405 0.702426
6800 1.00203 0.111114 0.653342
6900 1.00203 0.218272 0.770583
7000 1.00203 0.138602 0.713852
7100 1.00203 0.0663787 0.712027
7200 1.00203 0.16464 0.733344
7300 1.00203 0.175682 0.671075
7400 1.00203 0.0628773 0.697038
7500 1.00203 0.121577 0.770442
7600 1.00203 0.184965 0.670185
7700 1.00203 0.0561511 0.696907
7800 1.00203 0.112933 0.725853
7900 1.00203 0.169441 0.742685
8000 1.00203 0.204924 0.755409
8100 1.00203 0.165505 0.738513
8200 1.00203 0.216664 0.697989
8300 1.00203 0.0893429 0.686665
8400 1.00203 0.308532 0.783919
8500 1.00203 0.195314 0.685228
8600 1.00203 0.176312 0.701805
8700 1.00203 0.0473053 0.728083
8800 1.00203 0.153312 0.742117
8900 1.00203 0.163076 0.719479
9000 1.00203 0.108848 0.667645
9100 1.00203 0.189944 0.705493
9200 1.00203 0.222107 0.671285
9300 1.00203 0.231371 0.66993
9400 1.00203 0.150854 0.67922
9500 1.00203 0.138078 0.657916
9600 1.00279 0.103036 0.590051
9700 1.00279 0.165639 0.672006
9800 1.00279 0.197178 0.66432
9900 1.00279 0.0397974 0.682247
10000 1.00279 0.0874891 0.660708
