0 0.674945 0 0.268328
100 0.983406 0.127761 0.737906
200 0.989301 0.180762 0.737638
300 0.994807 0.168074 0.62738
400 0.998931 0.152274 0.673934
500 0.998931 0.23655 0.776015
600 0.998931 0.230599 0.688131
700 0.998931 0.295193 0.71418
800 0.998931 0.248706 0.750092
900 0.998931 0.184827 0.787257
1000 0.998931 0.267934 0.692271
1100 0.998931 0.260743 0.706813
1200 0.998931 0.134448 0.715883
1300 0.998931 0.0555474 0.694805
1400 0.998931 0.0761333 0.680478
1500 0.998931 0.223318 0.773571
1600 0.998931 0.119256 0.76149
1700 0.998931 0.170577 0.71112
1800 0.998931 0.0375907 0.710306
1900 0.998931 0.233441 0.742977
2000 0.998931 0.246951 0.715876
2100 0.998931 0.239019 0.726569
2200 0.998931 0.178728 0.71972
2300 0.998931 0.134162 0.789786
2400 0.998931 0.108078 0.69871
2500 0.998931 0.099195 0.662547
2600 0.998931 0.166902 0.7536
2700 0.998931 0.225027 0.713823
2800 0.998931 0.295678 0.75866
2900 0.998931 0.165402 0.71388
3000 0.998931 0.239215 0.708451
3100 0.998931 0.135233 0.713972
3200 0.998931 0.256967 0.706383
3300 0.998931 0.174945 0.707896
3400 0.998931 0.263595 0.713193
3500 0.998931 0.0617576 0.670676
3600 0.998931 0.233006 0.778353
3700 0.998931 0.210389 0.71647
3800 0.998931 0.32827 0.726614
3900 0.998931 0.0743186 0.744035
4000 0.998931 0.271928 0.724056
4100 1.0009 0.133987 0.660096
4200 1.0009 0.094737 0.612445
4300 1.0009 0.179993 0.715958
4400 1.00147 0.214813 0.633902
4500 1.00147 0.264824 0.791722
4600 1.00147 0.0515443 0.650852
4700 1.00147 0.191442 0.716631
4800 1.00147 0.146197 0.719197
4900 1.00147 0.13743 0.736267
5000 1.00147 0.178028 0.730403
5100 1.00147 0.262686 0.689401
5200 1.00147 0.181901 0.698349
5300 1.00147 0.296339 0.725922
5400 1.00147 0.184826 0.766412
5500 1.00147 0.215294 0.658539
5600 1.00147 0.222304 0.757157
5700 1.00147 0.198968 0.680035
5800 1.00147 0.157082 0.595161
5900 1.00147 0.193888 0.729585
6000 1.00147 0.0663802 0.630232
6100 1.00147 0.228452 0.728199
6200 1.00147 0.24783 0.693053
6300 1.00147 0.163716 0.719584
6400 1.00147 0.139403 0.749034
6500 1.00147 0.213188 0.647444
6600 1.00147 0.237503 0.72177
6700 1.00147 0.268974 0.65891
6800 1.00147 0.0139902 0.708838
6900 1.00147 0 0.691963
7000 1.00147 0.130888 0.701823
7100 1.00147 0.199973 0.714434
7200 1.00147 0.20771 0.745618
7300 1.00147 0.126372 0.680956
7400 1.00147 0.190075 0.713623
7500 1.00147 0.0332992 0.715717
7600 1.00147 0.155535 0.651792
7700 1.00147 0.159335 0.677953
7800 1.00147 0.198905 0.703037
7900 1.00147 0.0949131 0.722064
8000 1.00147 0.181553 0.691711
8100 1.00147 0.208399 0.735503
8200 1.00147 0.290073 0.695277
8300 1.00147 0.120117 0.653983
8400 1.00147 0.114781 0.651265
8500 1.00147 0.25941 0.756999
8600 1.00147 0.250397 0.761686
8700 1.00147 0.127264 0.674549
8800 1.00147 0.178214 0.726344
8900 1.00147 0.135072 0.673653
9000 1.00147 0.145823 0.680525
9100 1.00147 0.337061 0.787129
9200 1.00147 0.0872157 0.724571
9300 1.00147 0.174784 0.738416
9400 1.00147 0.0643807 0.625385
9500 1.00147 0.207201 0.776082
9600 1.00147 0.144066 0.741238
9700 1.00147 0.134599 0.627081
9800 1.00147 0.0232607 0.734107
9900 1.00147 0.0572858 0.678939
10000 1.00147 0.179844 0.641892
