0 0.418435 0.121657 0.267277
100 0.960397 0.868 0.947771
200 0.99138 0.905472 0.976895
300 0.994285 0.800359 0.973134
400 0.997297 0.858923 0.975424
500 0.997639 0.848436 0.980496
600 0.998508 0.89119 0.982296
700 0.999654 0.9152 0.990845
800 0.999812 0.8737 0.983454
900 0.99999 0.857696 0.984801
1000 1.00021 0.889934 0.986392
1100 1.00042 0.913292 0.98658
1200 1.00043 0.830239 0.984792
1300 1.00056 0.867436 0.988816
1400 1.00071 0.924975 0.990151
1500 1.00074 0.901817 0.982331
1600 1.00082 0.860124 0.986573
1700 1.00088 0.902663 0.98708
1800 1.00088 0.926712 0.992349
1900 1.00088 0.882757 0.984816
2000 1.00088 0.857185 0.980673
2100 1.00088 0.863767 0.987889
2200 1.00088 0.884295 0.988793
2300 1.00088 0.892942 0.979824
2400 1.00088 0.905946 0.990384
2500 1.00088 0.882737 0.978775
2600 1.00088 0.884568 0.99046
2700 1.00088 0.9084 0.992332
2800 1.00088 0.917432 0.990723
2900 1.00088 0.906702 0.987355
3000 1.00088 0.89677 0.980319
3100 1.00088 0.851661 0.98366
3200 1.00088 0.865248 0.99258
3300 1.00088 0.90165 0.990587
3400 1.00088 0.897533 0.986673
3500 1.00088 0.840251 0.980849
3600 1.00088 0.878099 0.979184
3700 1.00088 0.903693 0.98689
3800 1.00088 0.867994 0.980546
3900 1.00088 0.879699 0.977751
4000 1.00088 0.885372 0.986713
4100 1.00088 0.897612 0.982988
4200 1.00088 0.897565 0.987525
4300 1.00088 0.909274 0.983908
4400 1.00088 0.86591 0.988158
4500 1.00088 0.85473 0.983917
4600 1.00088 0.92843 0.991875
4700 1.00088 0.825333 0.984816
4800 1.00088 0.917566 0.982888
4900 1.00088 0.9093 0.982298
5000 1.00088 0.874948 0.988612
5100 1.00088 0.928108 0.989011
5200 1.00088 0.845571 0.99163
5300 1.00088 0.852764 0.978765
5400 1.00088 0.896122 0.988426
5500 1.00088 0.827064 0.985612
5600 1.00088 0.892984 0.983319
5700 1.00088 0.849544 0.976083
5800 1.00088 0.902869 0.991097
5900 1.00088 0.876122 0.988727
6000 1.00088 0.872448 0.975599
6100 1.00088 0.893412 0.982395
6200 1.00088 0.928134 0.989325
6300 1.00088 0.938726 0.995783
6400 1.00088 0.860452 0.988077
6500 1.00088 0.85774 0.988453
6600 1.00088 0.849633 0.987899
6700 1.00088 0.907115 0.982264
6800 1.00088 0.897782 0.991235
6900 1.00088 0.885777 0.990939
7000 1.00088 0.889485 0.986533
7100 1.00088 0.879047 0.989015
7200 1.00088 0.88757 0.980694
7300 1.00088 0.899807 0.986836
7400 1.00088 0.855924 0.975253
7500 1.00088 0.898166 0.981246
7600 1.00088 0.82435 0.991709
7700 1.00088 0.866234 0.981848
7800 1.00088 0.914733 0.991286
7900 1.00088 0.878145 0.979151
8000 1.00088 0.847738 0.985862
8100 1.00088 0.924609 0.990414
8200 1.00088 0.873418 0.982772
8300 1.00088 0.946736 0.997411
8400 1.00088 0.915416 0.991251
8500 1.00088 0.878701 0.977756
8600 1.00088 0.885753 0.995337
8700 1.00088 0.866408 0.97911
8800 1.00088 0.865167 0.985564
8900 1.00088 0.854727 0.980155
9000 1.00088 0.904117 0.990742
9100 1.00088 0.855208 0.978475
9200 1.00088 0.887066 0.987951
9300 1.00088 0.888909 0.986641
9400 1.00088 0.915618 0.984523
9500 1.00088 0.91216 0.99353
9600 1.00088 0.874105 0.984188
9700 1.00088 0.891159 0.989037
9800 1.00088 0.859152 0.990579
9900 1.00088 0.804394 0.990647
10000 1.00088 0.828966 0.989756
