0 0.609942 0 0.273339
100 0.995761 0.0617794 0.611085
200 0.99771 0.0422068 0.572873
300 0.997993 0.219501 0.725407
400 0.997993 0.147924 0.647595
500 0.997993 0.217995 0.690582
600 0.997993 0.2294 0.682666
700 0.997993 0.0639906 0.648781
800 0.997993 0.216565 0.630276
900 0.997993 0.2651 0.79614
1000 0.997993 0.170919 0.737945
1100 0.997993 0.197756 0.749271
1200 0.997993 0.157718 0.757356
1300 0.997993 0.165666 0.650272
1400 0.997993 0.0559153 0.676791
1500 0.997993 0.143165 0.64633
1600 0.997993 0.140535 0.711558
1700 0.997993 0.046047 0.656437
1800 0.997993 0.21177 0.722405
1900 0.997993 0.0704668 0.67204
2000 0.997993 0.2036 0.737029
2100 0.997993 0.225129 0.630641
2200 0.997993 0.12587 0.625992
2300 0.997993 0.173237 0.68326
2400 0.997993 0.197007 0.670345
2500 0.997993 0.0738866 0.666854
2600 0.997993 0.203542 0.717293
2700 0.997993 0.0839405 0.664416
2800 0.997993 0.186032 0.755839
2900 0.997993 0.199013 0.684209
3000 0.997993 0.141917 0.697156
3100 0.997993 0.170361 0.747304
3200 0.997993 0.194084 0.66023
3300 0.997993 0.0747723 0.699124
3400 0.997993 0.0618559 0.723819
3500 0.997993 0.185408 0.635642
3600 0.997993 0.209937 0.742518
3700 0.997993 0.116913 0.709851
3800 0.997993 0.181536 0.761427
3900 0.997993 0.275343 0.763212
4000 0.997993 0.0625486 0.714538
4100 0.997993 0.292675 0.681429
4200 0.997993 0.149558 0.659756
4300 0.997993 0.259703 0.720653
4400 0.997993 0.0984599 0.687389
4500 0.997993 0.169921 0.718153
4600 0.997993 0.295768 0.74575
4700 0.997993 0.0819466 0.70469
4800 0.997993 0.184136 0.7259
4900 0.997993 0.198187 0.643
5000 0.997993 0.115542 0.69384
5100 0.997993 0.203892 0.647163
5200 0.997993 0.156608 0.739874
5300 0.997993 0.187001 0.708065
5400 0.997993 0.253813 0.791923
5500 0.997993 0.236007 0.696903
5600 0.997993 0.0814943 0.800398
5700 0.997993 0.19265 0.646132
5800 0.997993 0.279894 0.718129
5900 0.997993 0.062202 0.639446
6000 0.997993 0.166574 0.746875
6100 0.997993 0.151626 0.684332
6200 0.997993 0.174421 0.701872
6300 0.997993 0.18726 0.717248
6400 0.997993 0.135985 0.65448
6500 0.997993 0.173921 0.702401
6600 0.997993 0.177999 0.68298
6700 0.997993 0.314423 0.746625
6800 0.997993 0.0785654 0.736326
6900 0.997993 0.119095 0.792687
7000 0.999929 0.0975473 0.697119
7100 1.00059 0.211495 0.70137
7200 1.00059 0.239645 0.70785
7300 1.00059 0.225533 0.725041
7400 1.00059 0.183482 0.693822
7500 1.00059 0.0747114 0.637228
7600 1.00059 0.281809 0.737781
7700 1.00059 0.189102 0.758182
7800 1.00059 0.1794 0.678088
7900 1.00059 0.117804 0.68772
8000 1.00059 0.220577 0.762934
8100 1.00059 0.123872 0.690156
8200 1.00059 0.064096 0.609131
8300 1.00059 0.175727 0.614491
8400 1.00059 0.205671 0.723261
8500 1.00059 0.210145 0.683111
8600 1.00059 0.187963 0.685762
8700 1.00059 0.196763 0.658893
8800 1.00059 0.207981 0.744755
8900 1.00059 0.165194 0.794341
9000 1.00059 0.405007 0.848534
9100 1.00059 0.241795 0.745204
9200 1.00059 0.143214 0.706052
9300 1.00059 0.247252 0.7242
9400 1.00059 0.267261 0.662083
9500 1.00059 0.204241 0.670511
9600 1.00059 0.198893 0.719417
9700 1.00059 0.041723 0.675455
9800 1.00059 0.271818 0.750651
9900 1.00059 0.0588656 0.757737
10000 1.00059 0.178192 0.678652
