0 0.534967 0.0236411 0.262167
100 0.990594 0.737061 0.895568
200 0.994183 0.66662 0.919066
300 0.998883 0.725475 0.940472
400 0.999032 0.709196 0.928531
500 0.999149 0.563277 0.909325
600 0.999161 0.662428 0.935208
700 0.999161 0.61487 0.920064
800 0.999161 0.738356 0.940336
900 0.999161 0.815591 0.946059
1000 0.999161 0.762445 0.93439
1100 0.999161 0.47906 0.92132
1200 0.999161 0.630786 0.92029
1300 0.999161 0.7514 0.938664
1400 0.999161 0.644529 0.921084
1500 0.999161 0.767144 0.940778
1600 0.999161 0.681695 0.927286
1700 0.999161 0.658685 0.910419
1800 0.999161 0.676228 0.917537
1900 0.999161 0.730486 0.921506
2000 0.999161 0.693869 0.927388
2100 0.999161 0.673388 0.911297
2200 0.999161 0.722213 0.944969
2300 0.999329 0.790296 0.96847
2400 1.00007 0.721212 0.953174
2500 1.00035 0.597845 0.924733
2600 1.00035 0.610786 0.929767
2700 1.00035 0.726238 0.942377
2800 1.00041 0.749433 0.937974
2900 1.00041 0.592919 0.911472
3000 1.00041 0.657269 0.895906
3100 1.00041 0.712675 0.940142
3200 1.00041 0.813014 0.953678
3300 1.00041 0.718947 0.926989
3400 1.00041 0.74397 0.955168
3500 1.00041 0.660286 0.946232
3600 1.00041 0.765523 0.937838
3700 1.00041 0.653452 0.92753
3800 1.00041 0.734577 0.919944
3900 1.00041 0.760435 0.947841
4000 1.00041 0.704838 0.935682
4100 1.00041 0.672375 0.953638
4200 1.00041 0.69009 0.934182
4300 1.00041 0.651819 0.9255
4400 1.00041 0.743449 0.958648
4500 1.00041 0.588879 0.922448
4600 1.00041 0.605903 0.940445
4700 1.00041 0.734933 0.932523
4800 1.00041 0.735688 0.966688
4900 1.00041 0.538192 0.925431
5000 1.00041 0.711259 0.931322
5100 1.00041 0.780568 0.952239
5200 1.00041 0.784825 0.959317
5300 1.00041 0.668311 0.91502
5400 1.00041 0.718578 0.93724
5500 1.00041 0.694222 0.903151
5600 1.00041 0.64221 0.938989
5700 1.00041 0.651223 0.91952
5800 1.00041 0.715071 0.935228
5900 1.00041 0.727586 0.940234
6000 1.00041 0.701792 0.92293
6100 1.00075 0.770632 0.953136
6200 1.00075 0.772488 0.958175
6300 1.0008 0.679751 0.930834
6400 1.0008 0.68537 0.939331
6500 1.0008 0.685812 0.93121
6600 1.0008 0.668165 0.941806
6700 1.0008 0.775106 0.944814
6800 1.0008 0.709032 0.935122
6900 1.0008 0.724036 0.915424
7000 1.0008 0.611577 0.934369
7100 1.0008 0.701089 0.937834
7200 1.0008 0.778099 0.948829
7300 1.0008 0.641079 0.922049
7400 1.0008 0.661957 0.919122
7500 1.00084 0.77048 0.936942
7600 1.00084 0.724216 0.931218
7700 1.00084 0.692854 0.934393
7800 1.00084 0.649601 0.917322
7900 1.00084 0.763098 0.933085
8000 1.00084 0.6206 0.950625
8100 1.00084 0.582435 0.910273
8200 1.00084 0.683477 0.917447
8300 1.00084 0.729082 0.928547
8400 1.00084 0.674807 0.913723
8500 1.00084 0.702027 0.944477
8600 1.00084 0.730279 0.949299
8700 1.00084 0.527451 0.92777
8800 1.00084 0.761701 0.947797
8900 1.00084 0.726422 0.936311
9000 1.00084 0.746004 0.925612
9100 1.00084 0.707335 0.943091
9200 1.00084 0.739446 0.949982
9300 1.00084 0.783978 0.952889
9400 1.00084 0.706097 0.938589
9500 1.00088 0.744346 0.954202
9600 1.00088 0.723897 0.928251
9700 1.00099 0.752113 0.935654
9800 1.00099 0.608801 0.913485
9900 1.00099 0.628775 0.904174
10000 1.00099 0.525275 0.928579
