0 0.478602 0.138474 0.263507
10 0.478602 0.131206 0.279831
20 0.518262 0.142504 0.288892
30 0.542398 0.19503 0.319439
40 0.546521 0.159635 0.290261
50 0.56468 0.169278 0.323335
60 0.56468 0.153383 0.31513
70 0.56468 0.194396 0.319379
80 0.582856 0.178375 0.338281
90 0.601178 0.106932 0.309094
100 0.639148 0.186736 0.338956
110 0.66026 0.146263 0.338008
120 0.66026 0.151556 0.321663
130 0.66026 0.195839 0.340239
140 0.700688 0.200107 0.369536
150 0.700688 0.178813 0.342527
160 0.700688 0.182275 0.374744
170 0.700688 0.203896 0.390194
180 0.700688 0.246435 0.400424
190 0.700688 0.226938 0.384935
200 0.700688 0.213306 0.413966
210 0.700688 0.224586 0.426739
220 0.700929 0.245927 0.396922
230 0.729975 0.175177 0.396572
240 0.729975 0.233514 0.417235
250 0.733296 0.232086 0.390146
260 0.759418 0.223708 0.368273
270 0.759418 0.202545 0.344091
280 0.759418 0.20532 0.344891
290 0.759418 0.219356 0.390106
300 0.759766 0.147712 0.385402
310 0.759766 0.24286 0.4025
320 0.759766 0.192801 0.377757
330 0.772907 0.13712 0.375302
340 0.772907 0.228862 0.403254
350 0.779322 0.249176 0.417336
360 0.779322 0.223091 0.383944
370 0.779322 0.198943 0.35509
380 0.779322 0.196109 0.415195
390 0.779322 0.217599 0.416958
400 0.779322 0.278503 0.423347
410 0.786253 0.274213 0.442907
420 0.786253 0.260781 0.433795
430 0.786253 0.161178 0.407961
440 0.795009 0.254395 0.422458
450 0.795009 0.188441 0.436222
460 0.795009 0.279412 0.440452
470 0.795009 0.165414 0.387086
480 0.795009 0.239416 0.420344
490 0.799907 0.282951 0.465224
500 0.799907 0.211368 0.434476
510 0.799907 0.210444 0.403762
520 0.799907 0.269328 0.41936
530 0.799907 0.205231 0.383633
540 0.799907 0.224776 0.38987
550 0.801879 0.21835 0.42448
560 0.801879 0.237318 0.449105
570 0.801879 0.207988 0.43505
580 0.812333 0.231155 0.462551
590 0.812333 0.247483 0.414748
600 0.812333 0.19434 0.427137
610 0.812333 0.231602 0.387526
620 0.812419 0.268337 0.46413
630 0.812419 0.23292 0.403045
640 0.812419 0.211573 0.41345
650 0.812419 0.224679 0.407263
660 0.812419 0.226045 0.401977
670 0.817072 0.223159 0.39736
680 0.817072 0.227104 0.380412
690 0.817072 0.207172 0.469972
700 0.817072 0.245916 0.401706
710 0.827367 0.198014 0.340311
720 0.827367 0.17471 0.372112
730 0.827367 0.164406 0.392186
740 0.827367 0.203724 0.388475
750 0.827367 0.203733 0.394221
760 0.827367 0.191359 0.399458
770 0.827367 0.240034 0.410073
780 0.827367 0.214541 0.435862
790 0.827367 0.224747 0.461138
800 0.827437 0.28433 0.448426
810 0.827437 0.241162 0.433201
820 0.831746 0.256119 0.431986
830 0.831746 0.222895 0.405409
840 0.831746 0.21581 0.362669
850 0.831746 0.213832 0.424933
860 0.831746 0.211045 0.377777
870 0.831788 0.249621 0.429502
880 0.831788 0.241031 0.43516
890 0.831788 0.225465 0.415629
900 0.832483 0.228235 0.42586
910 0.832483 0.225211 0.404435
920 0.832483 0.219034 0.434826
930 0.832483 0.283406 0.459
940 0.832483 0.283831 0.449438
950 0.832483 0.21528 0.379591
960 0.832483 0.239321 0.424726
970 0.832483 0.23082 0.426591
980 0.832483 0.22669 0.475026
990 0.832483 0.197212 0.432694
1000 0.832483 0.28497 0.454681
1010 0.832483 0.220661 0.436351
1020 0.837671 0.15384 0.427269
1030 0.837671 0.193076 0.412319
1040 0.837671 0.242169 0.446251
1050 0.837671 0.212271 0.406813
1060 0.837671 0.204337 0.397949
1070 0.837671 0.207256 0.390804
1080 0.837671 0.209997 0.367461
1090 0.837671 0.316661 0.503273
1100 0.837671 0.25849 0.446973
1110 0.837671 0.26493 0.432798
1120 0.837671 0.242765 0.449109
1130 0.837671 0.24193 0.450459
1140 0.837671 0.220379 0.399739
1150 0.837671 0.242626 0.462126
1160 0.837671 0.27069 0.465974
1170 0.837671 0.224667 0.447216
1180 0.837671 0.205122 0.396991
1190 0.837671 0.164964 0.37568
1200 0.837671 0.247436 0.402371
1210 0.837671 0.219638 0.436103
1220 0.837671 0.226748 0.407271
1230 0.837671 0.240588 0.425201
1240 0.837671 0.24513 0.454219
1250 0.837671 0.238853 0.447442
1260 0.838386 0.190638 0.448237
1270 0.838386 0.229171 0.447027
1280 0.838386 0.241052 0.476257
1290 0.838386 0.271452 0.45015
1300 0.838386 0.275388 0.456966
1310 0.838386 0.247768 0.399364
1320 0.838386 0.211889 0.38573
1330 0.838386 0.211562 0.389798
1340 0.841301 0.169384 0.400037
1350 0.841301 0.227339 0.503094
1360 0.841301 0.312626 0.522915
1370 0.841301 0.266726 0.463739
1380 0.841301 0.211127 0.414243
1390 0.841301 0.228092 0.450527
1400 0.841301 0.238222 0.412646
1410 0.841301 0.267916 0.472475
1420 0.841301 0.287145 0.454777
1430 0.841301 0.304508 0.486361
1440 0.841301 0.241329 0.444986
1450 0.841301 0.281125 0.463441
1460 0.841302 0.210082 0.432214
1470 0.841302 0.215497 0.451077
1480 0.841302 0.24794 0.395017
1490 0.841302 0.246642 0.465906
1500 0.841302 0.238699 0.446027
1510 0.841302 0.21755 0.465953
1520 0.841303 0.337661 0.512477
1530 0.841303 0.237573 0.458983
1540 0.841303 0.238089 0.397322
1550 0.841303 0.282584 0.48089
1560 0.841303 0.271866 0.415643
1570 0.841303 0.259599 0.391965
1580 0.841303 0.1681 0.410492
1590 0.841303 0.226388 0.376068
1600 0.841303 0.194037 0.36984
1610 0.841303 0.239224 0.420474
1620 0.841303 0.229717 0.420569
1630 0.841303 0.320079 0.47802
1640 0.841944 0.238296 0.434505
1650 0.841944 0.212025 0.423653
1660 0.843021 0.232916 0.434562
1670 0.843021 0.25292 0.470566
1680 0.843021 0.253762 0.443963
1690 0.85289 0.211222 0.420243
1700 0.85289 0.230406 0.440545
1710 0.85289 0.26584 0.456148
1720 0.85289 0.266159 0.436142
1730 0.86797 0.194554 0.450762
1740 0.86797 0.25831 0.482814
1750 0.86797 0.322627 0.502463
1760 0.86797 0.284927 0.466998
1770 0.86797 0.301716 0.462594
1780 0.879678 0.214221 0.458447
1790 0.879678 0.310265 0.481984
1800 0.879678 0.301891 0.482061
1810 0.879678 0.23098 0.444594
1820 0.879678 0.23312 0.467577
1830 0.879678 0.293165 0.45914
1840 0.879678 0.313519 0.480921
1850 0.879678 0.20609 0.43039
1860 0.879678 0.214178 0.45665
1870 0.879678 0.264195 0.450545
1880 0.896438 0.193923 0.460576
1890 0.896438 0.295935 0.564791
1900 0.906255 0.233394 0.448595
1910 0.906255 0.263688 0.45715
1920 0.906255 0.286461 0.466375
1930 0.906255 0.224725 0.490317
1940 0.906255 0.278815 0.472476
1950 0.906255 0.251031 0.439738
1960 0.906723 0.332635 0.531129
1970 0.906792 0.288935 0.497288
1980 0.906792 0.347176 0.516705
1990 0.906792 0.290332 0.497017
2000 0.906824 0.250074 0.438827
