0 0.670992 0 0.254803
100 0.993491 0.132131 0.66857
200 0.99414 0.0460014 0.624989
300 0.997728 0.0549432 0.65089
400 0.997728 0.0866693 0.762087
500 0.997728 0.153007 0.740875
600 0.997728 0.121318 0.695115
700 0.997728 0.103678 0.706806
800 0.997728 0.280465 0.809555
900 0.997728 0.20328 0.7674
1000 0.997728 0.139396 0.703596
1100 0.997728 0.173752 0.666874
1200 0.997728 0.206336 0.677346
1300 0.997728 0.237553 0.752744
1400 0.997728 0.264255 0.758784
1500 0.997728 0.141694 0.626875
1600 0.997728 0.173437 0.736019
1700 0.997728 0.0701841 0.627797
1800 0.997728 0.201108 0.667587
1900 0.997728 0.248875 0.731949
2000 0.997728 0.168699 0.657226
2100 0.997728 0.31406 0.777279
2200 0.997728 0.0728611 0.617741
2300 0.997728 0.206223 0.617388
2400 0.997728 0.218589 0.698715
2500 0.997728 0.286794 0.73187
2600 0.997728 0.275096 0.721808
2700 0.997728 0.185478 0.670407
2800 0.997728 0.0192056 0.674349
2900 0.997728 0.139467 0.665715
3000 0.997728 0.216863 0.698561
3100 0.997728 0.264555 0.740993
3200 0.997728 0.0693354 0.651046
3300 0.997728 0.19945 0.675105
3400 0.997728 0.147906 0.714843
3500 0.997728 0.248986 0.683474
3600 0.997728 0.0587489 0.629412
3700 0.997728 0.146267 0.739993
3800 0.997728 0.20898 0.718633
3900 0.997728 0.189618 0.672174
4000 0.997728 0.132616 0.722043
4100 0.997728 0.152104 0.737004
4200 0.997728 0.179849 0.727893
4300 0.997728 0.229993 0.667126
4400 0.997728 0.124582 0.648813
4500 0.997728 0.201254 0.764535
4600 0.997728 0.191565 0.660878
4700 0.997728 0.127082 0.725102
4800 0.997728 0.155129 0.730825
4900 0.997728 0.0699448 0.574187
5000 0.997728 0.0817976 0.683609
5100 0.997728 0.17393 0.748114
5200 0.997728 0.222829 0.709945
5300 1.0007 0.197791 0.683481
5400 1.0007 0.244401 0.689489
5500 1.0007 0.169153 0.761783
5600 1.0007 0.183688 0.681395
5700 1.0007 0.193258 0.640531
5800 1.0007 0.167755 0.706313
5900 1.0007 0.111296 0.674218
6000 1.0007 0.043186 0.605877
6100 1.0007 0.136405 0.780271
6200 1.0007 0.149633 0.707343
6300 1.0007 0.294331 0.785635
6400 1.0007 0.140562 0.679493
6500 1.0007 0.132012 0.683453
6600 1.0007 0.158286 0.686424
6700 1.0007 0.166653 0.655558
6800 1.0007 0.176511 0.697406
6900 1.0007 0.149538 0.71518
7000 1.0007 0.11081 0.701182
7100 1.0007 0.0552889 0.690032
7200 1.0007 0.088541 0.62222
7300 1.0007 0.354571 0.775127
7400 1.0007 0.207953 0.674105
7500 1.0007 0.0408359 0.646662
7600 1.0007 0.320275 0.77621
7700 1.0007 0.115526 0.644143
7800 1.0007 0.220096 0.721964
7900 1.0007 0.149984 0.685191
8000 1.0007 0.20397 0.65705
8100 1.0007 0.0664905 0.596412
8200 1.0007 0.0240839 0.616142
8300 1.0007 0.19882 0.652656
8400 1.0007 0.197405 0.739272
8500 1.0007 0.275017 0.680321
8600 1.0007 0.148898 0.641707
8700 1.0007 0.0443663 0.711754
8800 1.0007 0.232703 0.713166
8900 1.0007 0.139436 0.726539
9000 1.0007 0.135826 0.67185
9100 1.0007 0.260389 0.696395
9200 1.0007 0.181292 0.719984
9300 1.0007 0.256448 0.762009
9400 1.0007 0.293038 0.688508
9500 1.0007 0.203173 0.612079
9600 1.0007 0.170159 0.698912
9700 1.00197 0.258621 0.725787
9800 1.00197 0.133106 0.663907
9900 1.00197 0.161133 0.710474
10000 1.00197 0.132076 0.769827
