0 0.621063 0 0.253618
100 0.992297 0.204947 0.663517
200 0.996108 0.217287 0.692315
300 0.996108 0.194206 0.732084
400 0.996108 0.159686 0.718546
500 0.996108 0.0828371 0.709221
600 0.996108 0.132967 0.696159
700 0.996108 0.0955749 0.682463
800 0.996108 0.166038 0.667102
900 0.996108 0.0365545 0.68374
1000 0.996108 0.218326 0.67862
1100 0.996108 0.284173 0.687899
1200 0.996108 0.131353 0.767327
1300 0.996108 0.205383 0.760271
1400 0.996108 0.129481 0.605317
1500 0.996108 0.220022 0.725188
1600 0.996108 0.143449 0.719951
1700 0.996108 0.152515 0.658328
1800 0.996108 0.107564 0.642373
1900 0.996108 0.0791997 0.659256
2000 0.996108 0.206896 0.734422
2100 0.996108 0.132036 0.707588
2200 0.996108 0.19 0.726797
2300 0.996108 0.0628708 0.615452
2400 0.996108 0.144935 0.75084
2500 0.996108 0.125284 0.719545
2600 0.996108 0.115741 0.694263
2700 0.996108 0.206851 0.647253
2800 0.996108 0.0542677 0.696132
2900 0.996108 0.199002 0.695517
3000 0.996108 0.120903 0.76927
3100 0.996108 0.176804 0.726583
3200 0.996108 0.218459 0.648085
3300 0.996108 0.203742 0.702007
3400 0.996108 0.16076 0.64285
3500 0.996108 0.198666 0.740155
3600 0.996108 0.0955891 0.632721
3700 0.996108 0.181076 0.660487
3800 0.996108 0.26032 0.770264
3900 0.996108 0.204262 0.72254
4000 0.996108 0.219039 0.723632
4100 0.996108 0.0352906 0.750885
4200 0.996108 0.221941 0.715831
4300 0.998093 0.0410353 0.683634
4400 0.998093 0.0643574 0.662328
4500 1.00395 0.134438 0.687772
4600 1.00551 0.148264 0.703723
4700 1.00551 0.161485 0.697949
4800 1.00551 0.211263 0.742762
4900 1.00551 0.206763 0.742808
5000 1.00551 0.14473 0.566285
5100 1.00551 0.18654 0.683785
5200 1.00551 0.104608 0.697114
5300 1.00551 0.161211 0.636639
5400 1.00551 0.138665 0.735332
5500 1.00551 0.107906 0.685524
5600 1.00551 0.0960537 0.736708
5700 1.00551 0.181045 0.673289
5800 1.00551 0.056097 0.592035
5900 1.00551 0.305295 0.713586
6000 1.00551 0.193901 0.708049
6100 1.00551 0.0225459 0.698911
6200 1.00551 0.147169 0.715354
6300 1.00551 0.197729 0.73732
6400 1.00551 0.129773 0.572445
6500 1.00551 0.0975446 0.699765
6600 1.00551 0.210075 0.721895
6700 1.00551 0.146013 0.651349
6800 1.00551 0.200408 0.69497
6900 1.00551 0.255489 0.785028
7000 1.00551 0.181423 0.730043
7100 1.00551 0.177699 0.627544
7200 1.00551 0.0429307 0.700029
7300 1.00551 0.177213 0.687634
7400 1.00551 0.171132 0.695313
7500 1.00551 0.146817 0.705879
7600 1.00551 0.0796488 0.734163
7700 1.00551 0.0941989 0.721939
7800 1.00551 0.195872 0.689469
7900 1.00551 0.232142 0.673641
8000 1.00551 0.210856 0.664708
8100 1.00551 0.228164 0.697613
8200 1.00551 0.235108 0.713673
8300 1.00551 0.220154 0.724649
8400 1.00551 0.191227 0.664477
8500 1.00551 0.196248 0.738604
8600 1.00551 0.127508 0.720405
8700 1.00551 0.21423 0.768911
8800 1.00551 0.138865 0.771962
8900 1.00551 0.0607627 0.684922
9000 1.00551 0.138538 0.757475
9100 1.00551 0.206134 0.684517
9200 1.00551 0.168415 0.655343
9300 1.00551 0.158344 0.621735
9400 1.00551 0.193707 0.659839
9500 1.00551 0.148477 0.656158
9600 1.00551 0.0824293 0.656098
9700 1.00551 0.209936 0.702735
9800 1.00551 0.0905174 0.724285
9900 1.00551 0.221671 0.691898
10000 1.00551 0.311864 0.76392
