0 0.46044 0.12483 0.276038
100 0.985499 0.646022 0.932823
200 0.994559 0.759253 0.947578
300 0.999324 0.723816 0.926486
400 1.00024 0.67573 0.92763
500 1.00038 0.740286 0.941607
600 1.00038 0.750765 0.950089
700 1.00038 0.777444 0.939555
800 1.00038 0.721857 0.94146
900 1.00038 0.77086 0.964321
1000 1.00038 0.636438 0.933887
1100 1.00038 0.643444 0.919467
1200 1.00038 0.811573 0.96677
1300 1.00038 0.788193 0.939705
1400 1.00038 0.738347 0.930752
1500 1.00038 0.787825 0.929152
1600 1.00038 0.699416 0.940412
1700 1.00038 0.697123 0.940252
1800 1.00038 0.55125 0.903831
1900 1.00038 0.725391 0.938091
2000 1.00038 0.617923 0.925226
2100 1.00038 0.556785 0.905288
2200 1.00038 0.682577 0.945498
2300 1.00038 0.731456 0.933911
2400 1.00038 0.668221 0.940141
2500 1.00038 0.662359 0.92234
2600 1.00038 0.826743 0.949559
2700 1.00038 0.662166 0.92229
2800 1.00038 0.631549 0.921496
2900 1.00038 0.631239 0.948046
3000 1.00038 0.776139 0.947804
3100 1.00038 0.555882 0.948059
3200 1.00038 0.748691 0.930672
3300 1.00038 0.815773 0.948822
3400 1.00038 0.669884 0.934658
3500 1.00038 0.784541 0.960591
3600 1.00038 0.735648 0.917108
3700 1.00038 0.720118 0.924603
3800 1.00038 0.677197 0.935171
3900 1.00038 0.667033 0.917477
4000 1.0004 0.672687 0.926703
4100 1.0004 0.767843 0.936317
4200 1.0004 0.750497 0.952738
4300 1.0004 0.69538 0.941948
4400 1.0004 0.743042 0.934971
4500 1.0004 0.656552 0.902404
4600 1.0004 0.689102 0.914891
4700 1.0004 0.666759 0.935971
4800 1.0004 0.734264 0.937435
4900 1.0004 0.807531 0.967395
5000 1.0004 0.644672 0.929184
5100 1.0004 0.673146 0.914075
5200 1.0004 0.693337 0.928725
5300 1.0004 0.756001 0.950209
5400 1.0004 0.774113 0.938527
5500 1.0004 0.705895 0.932198
5600 1.0004 0.759688 0.952183
5700 1.0004 0.653364 0.936851
5800 1.0004 0.613599 0.932387
5900 1.0004 0.749271 0.935489
6000 1.0004 0.722434 0.95245
6100 1.0004 0.741655 0.94239
6200 1.0004 0.764802 0.937925
6300 1.0004 0.731105 0.947156
6400 1.0004 0.760094 0.952339
6500 1.0004 0.803977 0.96404
6600 1.0004 0.677211 0.944817
6700 1.0004 0.702231 0.932551
6800 1.0004 0.72239 0.941214
6900 1.0004 0.739974 0.937165
7000 1.0004 0.741252 0.925248
7100 1.0004 0.666534 0.935979
7200 1.0004 0.750641 0.941387
7300 1.0004 0.747634 0.912963
7400 1.0004 0.789365 0.948943
7500 1.0004 0.788455 0.94323
7600 1.0004 0.720531 0.94391
7700 1.0004 0.692957 0.938318
7800 1.0004 0.716902 0.957296
7900 1.0004 0.64208 0.891924
8000 1.0004 0.840281 0.973482
8100 1.0004 0.848741 0.975846
8200 1.0004 0.728744 0.928795
8300 1.0004 0.716578 0.944487
8400 1.0004 0.637779 0.921636
8500 1.00044 0.74366 0.953787
8600 1.00108 0.682064 0.932055
8700 1.00118 0.790697 0.970875
8800 1.00118 0.698506 0.91849
8900 1.00118 0.623507 0.940751
9000 1.00118 0.76147 0.954292
9100 1.00118 0.668773 0.93734
9200 1.00157 0.74231 0.93921
9300 1.00196 0.714315 0.925197
9400 1.00196 0.654442 0.936578
9500 1.00196 0.712446 0.932872
9600 1.00196 0.745991 0.914457
9700 1.00196 0.682146 0.923719
9800 1.00196 0.639207 0.912939
9900 1.00196 0.823075 0.966249
10000 1.00196 0.676894 0.931606
