0 0.408015 0.157711 0.272983
10 0.482118 0.178008 0.287385
20 0.482118 0.1005 0.28051
30 0.493983 0.120628 0.289997
40 0.534042 0.155375 0.291554
50 0.534042 0.148541 0.304687
60 0.55615 0.150646 0.283076
70 0.612572 0.160506 0.321641
80 0.612572 0.199869 0.36041
90 0.63145 0.221115 0.355717
100 0.634295 0.170076 0.385561
110 0.634295 0.209095 0.353862
120 0.673086 0.186906 0.345692
130 0.673086 0.193169 0.349131
140 0.673086 0.153328 0.333359
150 0.691189 0.164151 0.349039
160 0.691189 0.214644 0.366895
170 0.691189 0.202988 0.357514
180 0.691189 0.125271 0.337202
190 0.691189 0.192503 0.34199
200 0.691189 0.151842 0.321401
210 0.696508 0.155426 0.325682
220 0.717396 0.213391 0.41627
230 0.749395 0.271745 0.439709
240 0.755779 0.182987 0.379731
250 0.755779 0.159863 0.358122
260 0.755779 0.199543 0.375154
270 0.755779 0.260924 0.393195
280 0.755779 0.253041 0.379455
290 0.758054 0.199369 0.410238
300 0.760043 0.211812 0.422213
310 0.772987 0.257268 0.463196
320 0.772987 0.227612 0.405427
330 0.772987 0.2519 0.398053
340 0.772987 0.22254 0.408441
350 0.778842 0.2016 0.433667
360 0.816336 0.28409 0.464168
370 0.816336 0.254099 0.448409
380 0.816336 0.260843 0.414569
390 0.816336 0.227756 0.369997
400 0.816336 0.161087 0.382812
410 0.816336 0.193898 0.413694
420 0.816336 0.18543 0.384575
430 0.818454 0.201828 0.442667
440 0.818454 0.204565 0.438272
450 0.818454 0.233802 0.424868
460 0.818454 0.222241 0.410872
470 0.818454 0.219475 0.474839
480 0.818454 0.296002 0.476689
490 0.818454 0.236713 0.426528
500 0.818454 0.154893 0.407421
510 0.818454 0.251052 0.440201
520 0.818454 0.241678 0.475663
530 0.819834 0.251621 0.449462
540 0.819834 0.246474 0.370765
550 0.819834 0.233573 0.468082
560 0.819834 0.285696 0.474837
570 0.819915 0.254958 0.486809
580 0.819915 0.280048 0.440286
590 0.824052 0.193678 0.462411
600 0.824052 0.255472 0.50357
610 0.824052 0.259744 0.432439
620 0.824052 0.262852 0.443842
630 0.824052 0.263815 0.418783
640 0.824052 0.313994 0.467539
650 0.824052 0.246999 0.449886
660 0.824052 0.267869 0.448756
670 0.824052 0.259655 0.423921
680 0.824052 0.236087 0.429885
690 0.836255 0.27188 0.406761
700 0.836255 0.209305 0.376181
710 0.845314 0.234619 0.423718
720 0.846702 0.230543 0.470951
730 0.846702 0.255877 0.444282
740 0.846702 0.221314 0.404955
750 0.847414 0.238494 0.410025
760 0.847414 0.228555 0.401271
770 0.847414 0.24278 0.441268
780 0.847414 0.304121 0.519477
790 0.847414 0.252764 0.437728
800 0.847414 0.219437 0.455802
810 0.847446 0.273052 0.454459
820 0.847446 0.259686 0.467843
830 0.847446 0.21013 0.41791
840 0.847446 0.265132 0.429048
850 0.847446 0.205014 0.393031
860 0.847446 0.191403 0.431005
870 0.847446 0.244173 0.426268
880 0.847446 0.335991 0.474015
890 0.847446 0.263154 0.426559
900 0.847446 0.193612 0.477917
910 0.851089 0.324049 0.503938
920 0.851089 0.294219 0.46072
930 0.851089 0.202522 0.457986
940 0.851853 0.287125 0.457136
950 0.851853 0.229672 0.40493
960 0.851853 0.217734 0.429266
970 0.851884 0.212485 0.41218
980 0.851884 0.291816 0.454288
990 0.851884 0.307748 0.451177
1000 0.851884 0.246443 0.453808
1010 0.851947 0.260567 0.430658
1020 0.851947 0.243165 0.455931
1030 0.851947 0.212339 0.413333
1040 0.851947 0.226968 0.369459
1050 0.851947 0.225736 0.434417
1060 0.851947 0.321876 0.515543
1070 0.851947 0.299723 0.478674
1080 0.860769 0.319127 0.537464
1090 0.860769 0.302379 0.491023
1100 0.860769 0.211407 0.460193
1110 0.860769 0.187754 0.457047
1120 0.860769 0.220922 0.38467
1130 0.860769 0.229045 0.40589
1140 0.860769 0.381528 0.587263
1150 0.860769 0.434228 0.577947
1160 0.860769 0.32569 0.525927
1170 0.86077 0.33159 0.543988
1180 0.86077 0.216201 0.494159
1190 0.86077 0.26907 0.434649
1200 0.863248 0.222576 0.452457
1210 0.863248 0.207157 0.437027
1220 0.863248 0.287498 0.491293
1230 0.863248 0.238822 0.391008
1240 0.863248 0.163819 0.402483
1250 0.863248 0.206854 0.427725
1260 0.863248 0.253861 0.432705
1270 0.863248 0.272736 0.422306
1280 0.863248 0.201221 0.43827
1290 0.863248 0.236054 0.401674
1300 0.863248 0.197035 0.412789
1310 0.863248 0.2325 0.467859
1320 0.863248 0.290999 0.539869
1330 0.863248 0.281777 0.458158
1340 0.863248 0.271654 0.463875
1350 0.863248 0.231018 0.443157
1360 0.863248 0.26745 0.486798
1370 0.863248 0.245035 0.42254
1380 0.863248 0.207914 0.409933
1390 0.863248 0.261652 0.442985
1400 0.863248 0.246036 0.394147
1410 0.863248 0.156718 0.368042
1420 0.863248 0.222726 0.446392
1430 0.863248 0.315678 0.458176
1440 0.863248 0.23013 0.415286
1450 0.863259 0.28481 0.526205
1460 0.863259 0.223941 0.4787
1470 0.863259 0.27623 0.441149
1480 0.872492 0.255206 0.396022
1490 0.872492 0.174903 0.412803
1500 0.872492 0.197033 0.413302
1510 0.872492 0.223509 0.469765
1520 0.872492 0.318498 0.510515
1530 0.872492 0.204838 0.474025
1540 0.872492 0.203095 0.417061
1550 0.872492 0.244212 0.463555
1560 0.872492 0.236357 0.494805
1570 0.872492 0.142457 0.402928
1580 0.872492 0.191822 0.445491
1590 0.872492 0.199101 0.440762
1600 0.872492 0.242004 0.442884
1610 0.872492 0.290314 0.459747
1620 0.872492 0.183599 0.446458
1630 0.872492 0.274201 0.413643
1640 0.880428 0.203153 0.427455
1650 0.880428 0.241223 0.442038
1660 0.880428 0.250509 0.431546
1670 0.880428 0.241466 0.474784
1680 0.881349 0.231749 0.487914
1690 0.881349 0.257601 0.441433
1700 0.88148 0.242004 0.433758
1710 0.88148 0.249537 0.415778
1720 0.88148 0.226586 0.416404
1730 0.88148 0.311866 0.492625
1740 0.88148 0.269092 0.422755
1750 0.891707 0.223269 0.409176
1760 0.891707 0.246546 0.443615
1770 0.891707 0.23514 0.429294
1780 0.896806 0.249979 0.52662
1790 0.896806 0.331967 0.5566
1800 0.896806 0.35384 0.525872
1810 0.896806 0.260717 0.462771
1820 0.896806 0.296154 0.507449
1830 0.896806 0.308858 0.509837
1840 0.896806 0.355981 0.517567
1850 0.896806 0.236468 0.419959
1860 0.896806 0.196977 0.446994
1870 0.896806 0.238811 0.439514
1880 0.896806 0.214604 0.434257
1890 0.896806 0.244142 0.478139
1900 0.896806 0.273797 0.462829
1910 0.896842 0.295196 0.454393
1920 0.896842 0.257725 0.478556
1930 0.896842 0.238367 0.464837
1940 0.896842 0.25288 0.500993
1950 0.896842 0.333654 0.538926
1960 0.897275 0.312937 0.517567
1970 0.897275 0.231829 0.456051
1980 0.897275 0.254263 0.456884
1990 0.897275 0.255293 0.450152
2000 0.897275 0.276177 0.456114
