0 0.443164 0.128366 0.271042
100 0.956327 0.829719 0.943351
200 0.991858 0.896815 0.980518
300 0.994486 0.898022 0.98218
400 0.997137 0.887585 0.98152
500 0.998268 0.840626 0.982377
600 0.998333 0.907733 0.986521
700 0.998795 0.875282 0.983292
800 0.999955 0.861826 0.974227
900 0.999955 0.859533 0.971379
1000 0.999963 0.796627 0.984523
1100 0.999996 0.903552 0.986304
1200 1.00005 0.871709 0.982726
1300 1.00013 0.878857 0.981269
1400 1.00013 0.874336 0.982568
1500 1.00013 0.891477 0.981242
1600 1.00013 0.912718 0.990388
1700 1.00014 0.90145 0.987931
1800 1.00019 0.849831 0.976683
1900 1.0002 0.902509 0.976951
2000 1.00027 0.898303 0.988327
2100 1.00029 0.89064 0.998706
2200 1.00036 0.908694 0.989185
2300 1.00044 0.915737 0.987149
2400 1.00045 0.919937 0.986499
2500 1.00048 0.843595 0.987167
2600 1.00054 0.861659 0.987636
2700 1.00059 0.888396 0.986854
2800 1.0006 0.837159 0.979901
2900 1.00061 0.915657 0.984335
3000 1.00061 0.861613 0.981755
3100 1.00062 0.900348 0.987436
3200 1.00062 0.832927 0.987134
3300 1.00062 0.900332 0.982388
3400 1.00062 0.849835 0.980131
3500 1.00062 0.869415 0.992027
3600 1.00062 0.846196 0.98197
3700 1.00062 0.899185 0.987723
3800 1.00063 0.917306 0.985298
3900 1.00063 0.900105 0.991132
4000 1.00065 0.835972 0.969761
4100 1.00066 0.914965 0.986688
4200 1.00076 0.842931 0.983955
4300 1.00078 0.905999 0.988305
4400 1.00078 0.857921 0.9864
4500 1.00087 0.924364 0.990747
4600 1.00089 0.869695 0.989118
4700 1.00089 0.893695 0.985913
4800 1.00089 0.901488 0.992163
4900 1.00091 0.878774 0.986677
5000 1.00093 0.91803 0.986781
5100 1.00093 0.916845 0.996214
5200 1.00093 0.892475 0.985086
5300 1.00093 0.908011 0.984829
5400 1.00093 0.898037 0.987134
5500 1.00093 0.887625 0.979225
5600 1.00093 0.871183 0.981423
5700 1.00093 0.862332 0.986969
5800 1.00095 0.894361 0.97934
5900 1.00095 0.907861 0.985232
6000 1.00095 0.895072 0.979478
6100 1.00095 0.908356 0.9865
6200 1.00095 0.914223 0.987741
6300 1.00095 0.878913 0.989947
6400 1.00095 0.873738 0.982668
6500 1.00095 0.861792 0.976941
6600 1.00095 0.918676 0.98229
6700 1.00095 0.850394 0.979755
6800 1.00095 0.888755 0.988427
6900 1.00095 0.875262 0.976327
7000 1.00095 0.889163 0.985817
7100 1.00095 0.887506 0.985986
7200 1.00095 0.857226 0.984609
7300 1.00095 0.888467 0.986653
7400 1.00095 0.815468 0.981214
7500 1.00095 0.904877 0.980568
7600 1.00095 0.895942 0.987042
7700 1.00095 0.877655 0.987963
7800 1.00095 0.890493 0.986026
7900 1.00095 0.830857 0.96764
8000 1.00095 0.898039 0.985509
8100 1.00095 0.863709 0.977665
8200 1.00095 0.883872 0.978533
8300 1.00095 0.889705 0.976959
8400 1.00095 0.828895 0.983677
8500 1.00095 0.902982 0.986899
8600 1.00099 0.917096 0.988167
8700 1.001 0.872942 0.979874
8800 1.001 0.886941 0.985856
8900 1.00101 0.876718 0.987187
9000 1.00101 0.857901 0.974746
9100 1.00101 0.856493 0.984851
9200 1.00101 0.912692 0.994188
9300 1.00101 0.888827 0.984083
9400 1.00101 0.901688 0.991651
9500 1.00101 0.91829 0.9898
9600 1.00105 0.900775 0.990762
9700 1.00105 0.916784 0.99008
9800 1.00105 0.912298 0.983183
9900 1.00105 0.869509 0.990137
10000 1.00106 0.899754 0.992679
