0 0.587633 0 0.249916
100 0.990066 0.0564743 0.691234
200 0.990066 0.261514 0.809348
300 0.993055 0.112299 0.638011
400 0.993055 0.217011 0.723249
500 0.993055 0.220929 0.768723
600 0.993055 0.160398 0.696323
700 0.993055 0.134289 0.694721
800 0.993055 0.149811 0.670509
900 0.993055 0.176294 0.723165
1000 0.995624 0.24072 0.768834
1100 0.995624 0.199815 0.729243
1200 0.995624 0.259363 0.731703
1300 0.995624 0.120111 0.60224
1400 0.995624 0.233069 0.745409
1500 0.995624 0.123909 0.624734
1600 0.995624 0.290456 0.760487
1700 0.995624 0.215694 0.741594
1800 0.995624 0.167801 0.684725
1900 0.995624 0.194637 0.704898
2000 0.995624 0.215924 0.693782
2100 0.995624 0.284247 0.667047
2200 0.996385 0.440214 0.814623
2300 0.996385 0.197439 0.629389
2400 0.996385 0.292293 0.770253
2500 0.996385 0.0682154 0.618237
2600 0.996385 0.216898 0.678914
2700 0.999992 0.225935 0.722714
2800 0.999992 0.0569657 0.638586
2900 1.00162 0.0833518 0.630873
3000 1.00162 0.197228 0.717359
3100 1.00162 0.0668448 0.680092
3200 1.00162 0.18403 0.75064
3300 1.00162 0.171346 0.759886
3400 1.00162 0.22491 0.732069
3500 1.00162 0.102952 0.733566
3600 1.00162 0.314507 0.761856
3700 1.00162 0.204697 0.703167
3800 1.00162 0.147427 0.6749
3900 1.00162 0.0622788 0.596384
4000 1.00162 0.0397531 0.728582
4100 1.00162 0.177247 0.72444
4200 1.00162 0.0589394 0.673073
4300 1.00162 0.22954 0.698183
4400 1.00162 0.177632 0.753779
4500 1.00162 0.178788 0.690625
4600 1.00162 0.289111 0.697421
4700 1.00162 0.0811354 0.593918
4800 1.00162 0.185051 0.787619
4900 1.00162 0.0990039 0.633068
5000 1.00162 0.192166 0.694306
5100 1.00162 0.25265 0.756789
5200 1.00162 0.283368 0.674879
5300 1.00162 0.242093 0.736734
5400 1.00162 0.296609 0.701141
5500 1.00162 0.246145 0.675027
5600 1.00162 0.314281 0.809025
5700 1.00162 0.131637 0.632929
5800 1.00162 0.148583 0.780324
5900 1.00162 0.260973 0.784645
6000 1.00162 0.0792902 0.732532
6100 1.00162 0.218161 0.736482
6200 1.00162 0.138529 0.586627
6300 1.00162 0.165281 0.768753
6400 1.00162 0.197176 0.665715
6500 1.00162 0.166445 0.734144
6600 1.00162 0.184237 0.720382
6700 1.00162 0.177104 0.646916
6800 1.00162 0.300555 0.742386
6900 1.00162 0.211721 0.711314
7000 1.00162 0.0964146 0.654279
7100 1.00162 0.105868 0.614626
7200 1.00162 0.227406 0.723426
7300 1.00162 0.0441573 0.633286
7400 1.00162 0.0573681 0.632147
7500 1.00162 0.216693 0.667768
7600 1.00162 0.226943 0.691209
7700 1.00162 0.141468 0.695745
7800 1.00162 0.0425418 0.659823
7900 1.00162 0.202607 0.85725
8000 1.00162 0.0816568 0.668925
8100 1.00162 0.228149 0.679954
8200 1.00162 0.197902 0.75178
8300 1.00162 0.0995612 0.791709
8400 1.00162 0.0584003 0.693935
8500 1.00162 0.391718 0.840849
8600 1.00162 0.0805775 0.695949
8700 1.00162 0.155446 0.715877
8800 1.00162 0.0192576 0.671121
8900 1.00162 0.12245 0.645873
9000 1.00162 0.0575918 0.695633
9100 1.00162 0.0389941 0.645143
9200 1.00162 0.227073 0.720396
9300 1.00162 0.102548 0.622253
9400 1.00162 0.0846824 0.609716
9500 1.00162 0.0822467 0.640542
9600 1.00162 0.0536774 0.707523
9700 1.00162 0.0636054 0.742784
9800 1.00162 0.181015 0.684217
9900 1.00162 0.172921 0.737368
10000 1.00162 0.152691 0.777771
