0 0.603901 0.0238744 0.268204
100 0.994994 0.250303 0.723899
200 0.994994 0.156184 0.702649
300 0.994994 0.116334 0.634794
400 0.994994 0.125091 0.675576
500 0.994994 0.150648 0.712921
600 0.994994 0.055376 0.589528
700 0.994994 0.0430096 0.742448
800 0.994994 0.18853 0.701141
900 0.995724 0.20868 0.680291
1000 0.996398 0.1252 0.711329
1100 0.996398 0.192802 0.6431
1200 0.996398 0.261057 0.735545
1300 0.996398 0.159115 0.675519
1400 0.996398 0.0678756 0.578616
1500 0.996398 0.150328 0.701637
1600 0.996398 0.1248 0.820963
1700 0.996398 0.118953 0.702985
1800 0.996398 0.209779 0.804189
1900 0.996398 0.246386 0.671023
2000 0.996398 0.0897211 0.770088
2100 0.996398 0.0706215 0.742389
2200 0.996398 0.170936 0.714186
2300 0.996398 0.19309 0.737884
2400 0.996398 0.119678 0.698897
2500 0.997476 0.0979407 0.701459
2600 0.997689 0.144848 0.698838
2700 0.997689 0.137067 0.651707
2800 0.997689 0.145279 0.715141
2900 0.997689 0.182336 0.714281
3000 0.997689 0.199087 0.678062
3100 0.997689 0.23206 0.710947
3200 1.00544 0.189905 0.719025
3300 1.00544 0.286377 0.792331
3400 1.00544 0.0853411 0.711327
3500 1.00544 0.103263 0.676746
3600 1.00596 0.182322 0.760233
3700 1.00596 0.0583876 0.677313
3800 1.00596 0.199129 0.692521
3900 1.00596 0.11116 0.783903
4000 1.00596 0.263446 0.715953
4100 1.00596 0.148156 0.688321
4200 1.00596 0.136359 0.73085
4300 1.00596 0.10445 0.641446
4400 1.00596 0.261142 0.723473
4500 1.00596 0.123403 0.72321
4600 1.00596 0.181577 0.683982
4700 1.00596 0.235664 0.63941
4800 1.00596 0.326592 0.785416
4900 1.00596 0.214276 0.628218
5000 1.00596 0.0563523 0.640754
5100 1.00596 0.214374 0.766452
5200 1.00596 0.245356 0.8054
5300 1.00596 0.300035 0.77627
5400 1.00596 0.135591 0.782212
5500 1.00596 0.166484 0.734947
5600 1.00596 0.190181 0.677902
5700 1.00596 0.110476 0.651905
5800 1.00596 0.202008 0.70356
5900 1.00596 0.314145 0.713321
6000 1.00596 0.190971 0.768189
6100 1.00596 0.1166 0.747288
6200 1.00596 0.121859 0.659575
6300 1.00596 0.259912 0.727878
6400 1.00596 0.0978717 0.678989
6500 1.00596 0.202713 0.648732
6600 1.00596 0.0640727 0.798223
6700 1.00596 0.0647801 0.70315
6800 1.00596 0.165741 0.686477
6900 1.00596 0.0664623 0.683605
7000 1.00596 0.0838667 0.648728
7100 1.00596 0.226338 0.660578
7200 1.00596 0.196177 0.609964
7300 1.00596 0.0224971 0.632663
7400 1.00596 0.182769 0.731886
7500 1.00596 0.0887079 0.776487
7600 1.00596 0.25771 0.671364
7700 1.00596 0.232136 0.721584
7800 1.00596 0.344349 0.767698
7900 1.00596 0.24547 0.827887
8000 1.00596 0.159176 0.691707
8100 1.00596 0.0472701 0.695217
8200 1.00596 0.11116 0.70484
8300 1.00596 0.138608 0.736447
8400 1.00596 0.168359 0.738915
8500 1.00596 0.213836 0.701307
8600 1.00596 0.190971 0.719172
8700 1.00596 0.0725 0.623038
8800 1.00596 0.261836 0.670324
8900 1.00596 0.0362417 0.678895
9000 1.00596 0.262136 0.698368
9100 1.00596 0.274745 0.735247
9200 1.00596 0.131998 0.623772
9300 1.00596 0.31217 0.745658
9400 1.00596 0.269947 0.74187
9500 1.00596 0.376728 0.720043
9600 1.00596 0.0858891 0.683801
9700 1.00596 0.158979 0.645419
9800 1.00596 0.236412 0.723841
9900 1.00596 0.189363 0.654799
10000 1.00596 0.324622 0.740747
