0 0.635778 0 0.256032
100 0.988995 0.243398 0.685515
200 0.989053 0.0933475 0.666416
300 0.989053 0.246261 0.673193
400 0.989053 0.140821 0.702549
500 0.989053 0.102513 0.729134
600 0.999877 0.130187 0.613357
700 1.00452 0.215 0.742489
800 1.00452 0.15712 0.698231
900 1.00452 0.0857999 0.71897
1000 1.00452 0.194666 0.746143
1100 1.00452 0.164615 0.716539
1200 1.00452 0.173109 0.74116
1300 1.00452 0.256699 0.731464
1400 1.00452 0.109986 0.717699
1500 1.00452 0.289915 0.796419
1600 1.00452 0.168559 0.690884
1700 1.00452 0.0688005 0.677387
1800 1.00452 0.164759 0.672632
1900 1.00452 0.108566 0.665057
2000 1.00452 0.225441 0.742255
2100 1.00452 0.217872 0.722398
2200 1.00452 0.0387597 0.74727
2300 1.00452 0.207272 0.726953
2400 1.00452 0.0805933 0.71405
2500 1.00452 0.0681794 0.559109
2600 1.00452 0.241891 0.740571
2700 1.00452 0.211377 0.742062
2800 1.00452 0.0731728 0.611886
2900 1.00452 0.143696 0.753462
3000 1.00452 0.0801555 0.65804
3100 1.00452 0.0408359 0.661076
3200 1.00452 0.159674 0.724888
3300 1.00452 0.134239 0.754619
3400 1.00452 0.289468 0.737203
3500 1.00452 0.102193 0.7805
3600 1.00452 0.198402 0.715746
3700 1.00452 0.153088 0.67381
3800 1.00452 0.139049 0.764861
3900 1.00452 0.277736 0.742755
4000 1.00452 0.241847 0.786049
4100 1.00452 0.0527434 0.678343
4200 1.00452 0.0992231 0.680856
4300 1.00452 0.211254 0.72989
4400 1.00452 0.16301 0.682153
4500 1.00452 0.144859 0.701645
4600 1.00452 0.196555 0.758378
4700 1.00452 0.0542759 0.671277
4800 1.00452 0.295168 0.807874
4900 1.00452 0.291726 0.747192
5000 1.00452 0.189779 0.691305
5100 1.00452 0.226697 0.720163
5200 1.00452 0.160126 0.703176
5300 1.00452 0.126509 0.713521
5400 1.00452 0.0245138 0.629803
5500 1.00452 0.187237 0.670454
5600 1.00452 0.0609674 0.698898
5700 1.00452 0.118356 0.707663
5800 1.00452 0.18629 0.718284
5900 1.00452 0.207272 0.710498
6000 1.00452 0.245676 0.751424
6100 1.00452 0.16855 0.729873
6200 1.00452 0.172281 0.698906
6300 1.00452 0.139184 0.722264
6400 1.00452 0.16603 0.702715
6500 1.00452 0.245782 0.727876
6600 1.00452 0.166398 0.711541
6700 1.00452 0.241531 0.685265
6800 1.00452 0.0978186 0.724211
6900 1.00452 0.167271 0.670107
7000 1.00452 0.277781 0.652704
7100 1.00452 0.0238385 0.723365
7200 1.00452 0.227507 0.72909
7300 1.00452 0.272165 0.691538
7400 1.00452 0.276915 0.709373
7500 1.00452 0.337746 0.806892
7600 1.00452 0.199496 0.669156
7700 1.00452 0.24699 0.71567
7800 1.00452 0.139049 0.645857
7900 1.00452 0.142648 0.694294
8000 1.00452 0.044385 0.753728
8100 1.00452 0.192346 0.738347
8200 1.00452 0.170624 0.747879
8300 1.00452 0.0914636 0.717467
8400 1.00452 0.0808183 0.675673
8500 1.00452 0.162253 0.709284
8600 1.00452 0.236865 0.742867
8700 1.00452 0.0988109 0.693043
8800 1.00452 0.169232 0.730251
8900 1.00452 0.143638 0.667719
9000 1.00452 0.203081 0.685361
9100 1.00452 0.249103 0.702906
9200 1.00452 0.193393 0.743129
9300 1.00452 0.183782 0.729889
9400 1.00452 0.0643672 0.687794
9500 1.00452 0.0170028 0.690084
9600 1.00452 0.173762 0.709851
9700 1.00452 0.166431 0.719536
9800 1.00452 0.0842784 0.719272
9900 1.00452 0.243927 0.707655
10000 1.00452 0.261992 0.726772
