0 0.447066 0.0568001 0.261869
100 0.989072 0.727628 0.92978
200 0.998198 0.694804 0.942224
300 0.998489 0.73779 0.947167
400 0.998489 0.650662 0.91028
500 0.99887 0.63888 0.899497
600 0.999201 0.649001 0.921701
700 0.999206 0.738336 0.941183
800 0.999209 0.765758 0.93744
900 0.999209 0.748812 0.948032
1000 0.999209 0.662609 0.940314
1100 0.999209 0.767815 0.956234
1200 0.999719 0.629124 0.943564
1300 0.999719 0.76773 0.931096
1400 0.999719 0.702215 0.922874
1500 0.999719 0.694568 0.937615
1600 0.999719 0.737728 0.945658
1700 0.999719 0.602009 0.931386
1800 0.999719 0.685051 0.941651
1900 0.999719 0.710683 0.923285
2000 0.999719 0.662381 0.916906
2100 0.999719 0.679344 0.938065
2200 0.999719 0.708325 0.920083
2300 0.999719 0.731199 0.950841
2400 0.999719 0.701575 0.926828
2500 0.999719 0.623113 0.93332
2600 0.999719 0.780703 0.954121
2700 0.999719 0.765335 0.935495
2800 0.999719 0.653941 0.903085
2900 0.999719 0.699826 0.918524
3000 0.999719 0.704177 0.940136
3100 0.999719 0.708085 0.94204
3200 0.999719 0.758775 0.930415
3300 0.999719 0.774617 0.956472
3400 0.999719 0.679711 0.922832
3500 0.999719 0.756777 0.95797
3600 0.999719 0.806386 0.944001
3700 0.999719 0.742735 0.953307
3800 0.999719 0.69575 0.909818
3900 0.999719 0.533203 0.948616
4000 0.999719 0.716814 0.948876
4100 0.999719 0.682008 0.931257
4200 0.999719 0.724524 0.923642
4300 0.999719 0.738533 0.940983
4400 0.999746 0.529365 0.911553
4500 0.99977 0.7168 0.917951
4600 0.99977 0.767051 0.933473
4700 0.99977 0.615887 0.938055
4800 0.99977 0.650259 0.946966
4900 0.99977 0.655812 0.956366
5000 0.99977 0.754575 0.937627
5100 0.99977 0.746704 0.95566
5200 0.99977 0.64902 0.923886
5300 0.99977 0.722802 0.934208
5400 0.99977 0.782907 0.942139
5500 0.99977 0.679197 0.94488
5600 0.99977 0.717693 0.927017
5700 0.99977 0.667772 0.918498
5800 0.99977 0.711382 0.914129
5900 0.99977 0.661648 0.938597
6000 0.99977 0.636912 0.942021
6100 0.99977 0.772522 0.964473
6200 0.99977 0.763347 0.930216
6300 0.99977 0.71342 0.916232
6400 0.99977 0.768468 0.937771
6500 0.99977 0.764355 0.921926
6600 0.99977 0.721392 0.942782
6700 0.99977 0.603182 0.920117
6800 0.99977 0.662803 0.945173
6900 0.99977 0.765073 0.928571
7000 0.99977 0.770897 0.93264
7100 0.99977 0.688456 0.927172
7200 0.99977 0.758488 0.936779
7300 0.99977 0.73078 0.946038
7400 0.99977 0.707953 0.91377
7500 0.99977 0.589188 0.909413
7600 0.99977 0.696258 0.925626
7700 0.99977 0.579378 0.927244
7800 0.99977 0.708475 0.935778
7900 0.99977 0.683036 0.94336
8000 0.99977 0.71277 0.956376
8100 0.99977 0.741589 0.939398
8200 0.99977 0.618577 0.935925
8300 0.99977 0.782227 0.936702
8400 0.99977 0.761291 0.950763
8500 0.999885 0.713912 0.933709
8600 0.999929 0.734314 0.929024
8700 1.00005 0.647588 0.92137
8800 1.0004 0.520725 0.93372
8900 1.00042 0.693051 0.939708
9000 1.00043 0.656553 0.906721
9100 1.00043 0.803585 0.945978
9200 1.00043 0.811154 0.955971
9300 1.00043 0.733029 0.932711
9400 1.00043 0.720489 0.922675
9500 1.00043 0.755154 0.948527
9600 1.00043 0.777592 0.948663
9700 1.00043 0.6497 0.916865
9800 1.00043 0.709506 0.938098
9900 1.00043 0.696919 0.930425
10000 1.00043 0.713315 0.930951
