0 0.66777 0.0205466 0.278992
100 0.997789 0.153077 0.757378
200 0.997789 0.122255 0.698528
300 0.997789 0.223657 0.648578
400 0.997789 0.187688 0.6747
500 0.997789 0.217659 0.745798
600 0.997789 0.389108 0.792022
700 0.997789 0.105827 0.721315
800 0.997789 0.172378 0.667347
900 0.997789 0.197347 0.658127
1000 0.997789 0.178044 0.740765
1100 0.997789 0.23549 0.619725
1200 0.997789 0.235193 0.74017
1300 0.997789 0.193614 0.675985
1400 0.997789 0.111881 0.759764
1500 0.997789 0.144609 0.660564
1600 0.997789 0.170515 0.722526
1700 0.997789 0.158121 0.710586
1800 0.997789 0.0401551 0.726231
1900 0.997789 0.0465089 0.707752
2000 0.997789 0.0643857 0.687749
2100 0.997789 0.217998 0.686309
2200 0.997789 0.203169 0.665792
2300 0.997789 0.186309 0.745361
2400 0.997789 0.0732951 0.679883
2500 0.997789 0.178906 0.7025
2600 0.997789 0.157822 0.647049
2700 0.997789 0.099554 0.664315
2800 0.997789 0.154267 0.654679
2900 0.997789 0.146986 0.660146
3000 0.997789 0.144438 0.658485
3100 0.997789 0.213681 0.652299
3200 0.997789 0.255356 0.736657
3300 0.997789 0.205165 0.703781
3400 0.997789 0.217467 0.704097
3500 0.997789 0.153194 0.721338
3600 0.997789 0.0840669 0.78015
3700 0.997789 0.167667 0.721365
3800 0.997789 0.131342 0.699297
3900 0.997789 0.153401 0.735737
4000 0.997789 0.0482953 0.701097
4100 0.997789 0.0608335 0.670949
4200 0.997789 0.277563 0.762649
4300 0.997789 0.156969 0.684485
4400 0.997789 0.209965 0.673577
4500 0.997789 0.201774 0.743065
4600 0.997789 0.156236 0.660005
4700 0.997789 0.272767 0.753181
4800 0.997789 0.241247 0.777305
4900 0.997789 0.20946 0.735158
5000 0.997789 0.185004 0.708408
5100 0.997789 0.0425491 0.651248
5200 0.997789 0.257671 0.732506
5300 0.997789 0.174623 0.639861
5400 0.997789 0.372277 0.802346
5500 0.997789 0.217769 0.683096
5600 0.997789 0.346858 0.751873
5700 0.997789 0.172821 0.793089
5800 0.997789 0.153088 0.685436
5900 0.997789 0.279768 0.753423
6000 0.997789 0.201769 0.735749
6100 0.997789 0.146321 0.666209
6200 0.997789 0.190142 0.733081
6300 0.997789 0.218132 0.699796
6400 0.997789 0.291519 0.749946
6500 0.997789 0.172753 0.746412
6600 0.997789 0.179045 0.699358
6700 0.997789 0.0171733 0.680611
6800 0.997789 0.249683 0.763915
6900 0.997789 0.258998 0.734096
7000 0.997789 0.0787216 0.692459
7100 0.997789 0.181755 0.722146
7200 0.997789 0.171681 0.726466
7300 0.997789 0.082934 0.695756
7400 0.997789 0.215321 0.761937
7500 0.997789 0.132061 0.676853
7600 0.997789 0.239262 0.733267
7700 0.997789 0 0.670431
7800 0.997789 0.191189 0.715431
7900 0.997789 0.183668 0.784978
8000 0.997789 0.117648 0.697332
8100 0.997789 0.302666 0.691151
8200 0.997789 0.266783 0.761984
8300 0.997789 0.0895116 0.701076
8400 0.997789 0.127411 0.695585
8500 0.997789 0.171985 0.720622
8600 0.997789 0.354688 0.713876
8700 0.997789 0.217936 0.757599
8800 0.997789 0.132816 0.667185
8900 0.997789 0.136153 0.648796
9000 0.997789 0.154202 0.693985
9100 0.997789 0.223577 0.778662
9200 0.997789 0.239985 0.748554
9300 0.997789 0.344294 0.72176
9400 0.997789 0.188592 0.702237
9500 0.997789 0.0815431 0.766369
9600 0.997789 0.14984 0.758608
9700 0.997789 0.225926 0.771795
9800 0.997789 0.235357 0.736395
9900 0.997789 0.203608 0.712138
10000 0.997789 0.0832008 0.625029
