0 0.75 0 0.25625
10 0.75 0.75 0.75
20 0.75 0.25 0.7275
30 0.75 0.375 0.74375
40 0.75 0.5 0.745
50 0.75 0.25 0.7225
60 1 0.5 0.98625
70 1 1 1
80 1 0.375 0.98875
90 1 0.25 0.96
100 1 0.375 0.97625
110 1 0.375 0.98
120 1 0.375 0.96
130 1 1 1
140 1 0.375 0.9825
150 1 0.25 0.94625
160 1 0.5 0.9925
170 1 0.375 0.98125
180 1 0.5 0.98
190 1 0.375 0.9875
200 1 1 1
210 1 1 1
220 1 0.25 0.90875
230 1 1 1
240 1 1 1
250 1 0.25 0.965
260 1 0.375 0.98
270 1 0.25 0.9125
280 1 0.25 0.96625
290 1 0.375 0.975
300 1 0.375 0.98375
310 1 0.25 0.97625
320 1 0.25 0.95
330 1 0.375 0.97625
340 1 0.375 0.9625
350 1 1 1
360 1 0.375 0.97625
370 1 0.375 0.985
380 1 0.375 0.98375
390 1 0.375 0.975
400 1 1 1
410 1 0.25 0.96
420 1 0.125 0.9575
430 1 1 1
440 1 0.375 0.975
450 1 0.375 0.9725
460 1 1 1
470 1 1 1
480 1 1 1
490 1 0 0.93625
500 1 0.375 0.9875
510 1 1 1
520 1 0.375 0.965
530 1 0.5 0.98625
540 1 1 1
550 1 0.375 0.96125
560 1 0.25 0.96
570 1 1 1
580 1 0.25 0.96375
590 1 1 1
600 1 1 1
610 1 0.25 0.9575
620 1 0.25 0.9775
630 1 0.375 0.96625
640 1 0.375 0.9825
650 1 0.25 0.97375
660 1 0.25 0.94125
670 1 0.375 0.98
680 1 0.375 0.96
690 1 0.25 0.93875
700 1 0.375 0.98875
710 1 1 1
720 1 0.375 0.99375
730 1 0.375 0.97375
740 1 0.375 0.98875
750 1 0.375 0.97875
760 1 1 1
770 1 0.375 0.985
780 1 0.375 0.95
790 1 0.375 0.96875
800 1 1 1
810 1 0.25 0.9575
820 1 0.25 0.945
830 1 1 1
840 1 0.25 0.96875
850 1 1 1
860 1 0.375 0.99
870 1 0.5 0.9775
880 1 0.25 0.925
890 1 0.375 0.96375
900 1 0.375 0.975
910 1 0.25 0.97375
920 1 0.5 0.9675
930 1 0.375 0.975
940 1 1 1
950 1 1 1
960 1 0.625 0.99625
970 1 1 1
980 1 0.375 0.9575
990 1 1 1
1000 1 0.625 0.9925
1010 1 0.25 0.96875
1020 1 1 1
1030 1 0.25 0.9675
1040 1 0.25 0.94625
1050 1 0.5 0.98125
1060 1 0.375 0.925
1070 1 0.25 0.98125
1080 1 0.5 0.99
1090 1 0.5 0.995
1100 1 1 1
1110 1 1 1
1120 1 1 1
1130 1 0.375 0.96375
1140 1 1 1
1150 1 0.375 0.98375
1160 1 1 1
1170 1 1 1
1180 1 0.25 0.9625
1190 1 1 1
1200 1 0.375 0.9525
1210 1 0.375 0.975
1220 1 0.375 0.95875
1230 1 1 1
1240 1 1 1
1250 1 0.25 0.95875
1260 1 0.375 0.98125
1270 1 1 1
1280 1 0.375 0.98375
1290 1 0.5 0.995
1300 1 0.25 0.97625
1310 1 0.375 0.985
1320 1 0.25 0.905
1330 1 0.25 0.9575
1340 1 0.375 0.98875
1350 1 1 1
1360 1 1 1
1370 1 0.25 0.97125
1380 1 1 1
1390 1 0.625 0.99625
1400 1 0.25 0.965
1410 1 0.375 0.975
1420 1 1 1
1430 1 0.375 0.9775
1440 1 0.25 0.96
1450 1 0.375 0.94625
1460 1 0.375 0.97
1470 1 0.25 0.9575
1480 1 1 1
1490 1 0.5 0.9875
1500 1 0.375 0.96875
1510 1 0.25 0.94875
1520 1 0.25 0.98875
1530 1 0.25 0.96875
1540 1 0.375 0.96
1550 1 0.375 0.96375
1560 1 0.25 0.94
1570 1 1 1
1580 1 1 1
1590 1 1 1
1600 1 0.375 0.96875
1610 1 0.5 0.995
1620 1 0.375 0.98875
1630 1 1 1
1640 1 0.75 0.9975
1650 1 1 1
1660 1 1 1
1670 1 0.375 0.97625
1680 1 0.375 0.9825
1690 1 0.25 0.9725
1700 1 0.75 0.9975
1710 1 0.25 0.9625
1720 1 0.375 0.9725
1730 1 0.125 0.97125
1740 1 0.25 0.96
1750 1 0.25 0.98125
1760 1 0.25 0.975
1770 1 0.375 0.95625
1780 1 1 1
1790 1 1 1
1800 1 0.375 0.9625
1810 1 0.375 0.98375
1820 1 1 1
1830 1 1 1
1840 1 0.375 0.97125
1850 1 0.375 0.9875
1860 1 1 1
1870 1 0.25 0.98
1880 1 0.375 0.98625
1890 1 1 1
1900 1 1 1
1910 1 0.25 0.9825
1920 1 0.375 0.975
1930 1 0.375 0.99375
1940 1 1 1
1950 1 1 1
1960 1 0.375 0.98875
1970 1 0.375 0.9625
1980 1 1 1
1990 1 0.375 0.9875
2000 1 0.25 0.9625
