0 0.48813 0.071935 0.262299
100 0.989356 0.698128 0.933313
200 0.998355 0.736315 0.944906
300 0.998924 0.708567 0.941425
400 0.999166 0.685636 0.929624
500 0.999382 0.663216 0.92135
600 0.999436 0.695542 0.935115
700 0.999544 0.754539 0.929527
800 0.999747 0.700409 0.950647
900 1.00017 0.75106 0.955792
1000 1.00037 0.716679 0.925243
1100 1.00041 0.58973 0.932048
1200 1.00041 0.624025 0.936134
1300 1.00043 0.74213 0.936387
1400 1.00044 0.684923 0.941306
1500 1.00044 0.756218 0.942075
1600 1.00066 0.79045 0.951771
1700 1.00066 0.789255 0.964084
1800 1.00066 0.746276 0.944836
1900 1.00066 0.726085 0.923401
2000 1.00066 0.773426 0.955651
2100 1.00066 0.723473 0.932517
2200 1.00066 0.69521 0.927399
2300 1.00066 0.736448 0.936846
2400 1.00066 0.781314 0.941614
2500 1.00066 0.707715 0.920816
2600 1.00066 0.73029 0.944941
2700 1.00066 0.679925 0.934717
2800 1.00066 0.530726 0.918704
2900 1.00066 0.700926 0.934243
3000 1.00066 0.638649 0.924755
3100 1.00066 0.603322 0.929878
3200 1.00066 0.614314 0.907436
3300 1.00066 0.68597 0.940953
3400 1.00066 0.66596 0.954338
3500 1.00066 0.672091 0.930672
3600 1.00066 0.712076 0.936073
3700 1.00066 0.661502 0.933431
3800 1.00066 0.69531 0.922246
3900 1.00066 0.753582 0.935979
4000 1.00066 0.713215 0.938002
4100 1.00066 0.727109 0.933228
4200 1.00066 0.569387 0.897744
4300 1.00066 0.600569 0.927473
4400 1.00066 0.691533 0.929966
4500 1.00066 0.666918 0.911675
4600 1.00066 0.659651 0.929533
4700 1.00066 0.664675 0.922944
4800 1.00066 0.709709 0.935668
4900 1.00066 0.730434 0.931453
5000 1.00066 0.692285 0.910676
5100 1.00066 0.623176 0.929495
5200 1.00066 0.671052 0.933437
5300 1.00066 0.765901 0.954422
5400 1.00066 0.72307 0.919967
5500 1.00066 0.401973 0.924441
5600 1.00066 0.76026 0.942316
5700 1.00066 0.721903 0.950741
5800 1.00066 0.683082 0.941724
5900 1.00066 0.68992 0.916
6000 1.00066 0.621725 0.93268
6100 1.00066 0.748692 0.942355
6200 1.00066 0.735697 0.937868
6300 1.00066 0.620684 0.937079
6400 1.00066 0.742735 0.925849
6500 1.00066 0.776992 0.953074
6600 1.00066 0.714911 0.947054
6700 1.00066 0.679309 0.966563
6800 1.00066 0.783569 0.958551
6900 1.00066 0.6937 0.917754
7000 1.00066 0.799994 0.950415
7100 1.00066 0.681337 0.951195
7200 1.00066 0.690239 0.925896
7300 1.00066 0.657695 0.931948
7400 1.00066 0.765195 0.952428
7500 1.00066 0.676839 0.940137
7600 1.00066 0.591049 0.925266
7700 1.00066 0.659062 0.933197
7800 1.00066 0.730426 0.923676
7900 1.00066 0.738734 0.940082
8000 1.00066 0.693216 0.928568
8100 1.00066 0.751233 0.924132
8200 1.00066 0.740319 0.947387
8300 1.00066 0.739275 0.947887
8400 1.00066 0.664807 0.92393
8500 1.00066 0.709143 0.9376
8600 1.00066 0.757737 0.95422
8700 1.00066 0.659531 0.91876
8800 1.00066 0.828807 0.973318
8900 1.00066 0.653375 0.921941
9000 1.00066 0.734607 0.938852
9100 1.00066 0.672573 0.935495
9200 1.00066 0.678452 0.923864
9300 1.00066 0.732194 0.929984
9400 1.00066 0.749792 0.930719
9500 1.00066 0.663845 0.903655
9600 1.00066 0.731555 0.955719
9700 1.00066 0.675362 0.943898
9800 1.00066 0.710674 0.94243
9900 1.00066 0.72118 0.938528
10000 1.00066 0.786932 0.957781
