0 0.683221 0.0216303 0.268549
100 0.987907 0.261476 0.806876
200 0.998953 0.0961919 0.628033
300 0.998953 0.221597 0.721935
400 0.998953 0.126742 0.697958
500 0.998953 0.160097 0.666062
600 0.998953 0.260714 0.790488
700 0.998953 0.276272 0.666541
800 0.998953 0.143358 0.612236
900 0.998953 0.155733 0.789708
1000 0.998953 0.186566 0.655206
1100 0.998953 0.146747 0.671038
1200 0.998953 0.172241 0.741891
1300 0.998953 0.17436 0.676347
1400 0.998953 0.300009 0.723311
1500 0.998953 0.0356313 0.683441
1600 0.998953 0.241785 0.691012
1700 0.998953 0.0599423 0.700702
1800 0.998953 0.102681 0.71343
1900 0.998953 0.258615 0.732113
2000 0.998953 0.161639 0.723928
2100 0.998953 0.205474 0.731849
2200 0.998953 0.264386 0.697677
2300 0.998953 0.25157 0.672823
2400 0.998953 0.224147 0.732275
2500 0.998953 0.111585 0.69387
2600 0.998953 0.170663 0.688496
2700 0.998953 0.104703 0.704438
2800 0.998953 0.144077 0.669766
2900 0.998953 0.0966057 0.677956
3000 0.998953 0.227822 0.683495
3100 0.998953 0.185929 0.687146
3200 0.998953 0.146455 0.621319
3300 0.998953 0.129254 0.659853
3400 0.998953 0.114423 0.63392
3500 0.998953 0.314609 0.726129
3600 0.998953 0.244879 0.702501
3700 0.998953 0.191327 0.714354
3800 0.998953 0.220524 0.718667
3900 0.998953 0.0832335 0.673804
4000 0.998953 0.187872 0.671476
4100 0.998953 0.156448 0.746874
4200 1.00097 0.0446092 0.676531
4300 1.00208 0.0845318 0.736984
4400 1.00208 0.254268 0.712688
4500 1.00208 0.211599 0.766595
4600 1.00208 0.192023 0.695804
4700 1.00208 0.22862 0.722403
4800 1.00208 0.297977 0.681719
4900 1.00208 0.22885 0.711863
5000 1.00208 0.183477 0.651555
5100 1.00208 0.184021 0.76418
5200 1.00208 0.0698868 0.676984
5300 1.00208 0.223746 0.734609
5400 1.00208 0.240954 0.717762
5500 1.00208 0.0670294 0.625281
5600 1.00208 0.0216303 0.625368
5700 1.00208 0.244621 0.713432
5800 1.00208 0.0525849 0.644137
5900 1.00208 0.247694 0.705049
6000 1.00208 0.196441 0.671398
6100 1.00208 0.099179 0.700768
6200 1.00208 0.119065 0.776013
6300 1.00208 0.182981 0.694949
6400 1.00208 0.233877 0.694073
6500 1.00208 0.129254 0.709236
6600 1.00208 0.164296 0.695054
6700 1.00208 0.249643 0.698189
6800 1.00208 0.172214 0.744346
6900 1.00208 0.265341 0.707301
7000 1.00208 0.185552 0.699149
7100 1.00208 0.114632 0.665098
7200 1.00208 0.096759 0.591691
7300 1.00208 0.228977 0.742379
7400 1.00208 0.0973626 0.738806
7500 1.00208 0.215331 0.742403
7600 1.00208 0.214908 0.6779
7700 1.00208 0.197546 0.727711
7800 1.00208 0.103523 0.729429
7900 1.00208 0.173559 0.765817
8000 1.00208 0.226241 0.705039
8100 1.00208 0.0555483 0.648761
8200 1.00208 0.0132324 0.678244
8300 1.00208 0.217978 0.759858
8400 1.00208 0.215734 0.745728
8500 1.00208 0.229966 0.756879
8600 1.00208 0.179371 0.70476
8700 1.00208 0.0923594 0.676407
8800 1.00208 0.112617 0.712106
8900 1.00208 0.215738 0.697092
9000 1.00208 0.17944 0.692906
9100 1.00208 0.153287 0.681771
9200 1.00208 0.0630108 0.686683
9300 1.00208 0.23171 0.712308
9400 1.00208 0.268866 0.708976
9500 1.00208 0.124242 0.707093
9600 1.00208 0.107488 0.752001
9700 1.00208 0.277519 0.736593
9800 1.00208 0.207917 0.718377
9900 1.00208 0.0193091 0.692067
10000 1.00208 0.192123 0.74342
