9 0.514394 0.434788 0.475601
19 0.653451 0.516985 0.602708
29 0.738893 0.716567 0.724663
39 0.790765 0.685516 0.756868
49 0.807959 0.732266 0.802651
59 0.815695 0.687476 0.795422
69 0.827559 0.770713 0.818923
79 0.849601 0.773649 0.82717
89 0.880576 0.748539 0.841066
99 0.902067 0.790723 0.872405
109 0.924362 0.798745 0.909761
119 0.93123 0.885877 0.918223
129 0.931303 0.836612 0.914482
139 0.931736 0.857981 0.916517
149 0.939383 0.860399 0.930965
159 0.94043 0.832133 0.911239
169 0.943052 0.921161 0.940996
179 0.956141 0.878329 0.933596
189 0.956942 0.803531 0.919859
199 0.956942 0.861717 0.938046
209 0.969056 0.921157 0.959417
219 0.970083 0.857267 0.948223
229 0.970834 0.900443 0.953567
239 0.972555 0.843537 0.95306
249 0.972555 0.896032 0.96097
259 0.972989 0.931356 0.969301
269 0.972989 0.872561 0.957356
279 0.972989 0.912962 0.962171
289 0.972989 0.863582 0.952011
299 0.972989 0.83446 0.951336
309 0.972989 0.8643 0.950879
319 0.973124 0.903729 0.963491
329 0.973124 0.892928 0.95929
339 0.975079 0.852499 0.963273
349 0.975079 0.907152 0.96495
359 0.975079 0.903016 0.964389
369 0.975124 0.931141 0.968834
379 0.975124 0.861307 0.95799
389 0.975126 0.893242 0.959769
399 0.975126 0.850007 0.955924
409 0.975212 0.888946 0.957809
419 0.975212 0.834291 0.94602
429 0.975212 0.957782 0.973152
439 0.975212 0.883319 0.966371
449 0.97648 0.89492 0.959377
459 0.979573 0.927462 0.970727
469 0.979573 0.872502 0.966211
479 0.979573 0.86388 0.96259
489 0.979573 0.946476 0.977083
499 0.979573 0.851088 0.963816
509 0.979573 0.874895 0.958574
519 0.979573 0.833898 0.961624
529 0.980477 0.89316 0.970497
539 0.980525 0.903682 0.965138
549 0.980525 0.894433 0.97115
559 0.981193 0.896131 0.965359
569 0.981193 0.872329 0.963373
579 0.99499 0.939531 0.984105
589 0.99499 0.896151 0.967612
599 0.996361 0.928959 0.986327
609 0.996378 0.925812 0.988634
619 0.996378 0.890531 0.962586
629 0.996378 0.939843 0.989316
639 0.996401 0.87097 0.974026
649 0.996401 0.954065 0.989457
659 0.996401 0.890013 0.979344
669 0.997149 0.877934 0.97458
679 0.997149 0.926229 0.984251
689 0.997895 0.874094 0.977493
699 0.997913 0.932333 0.987165
709 0.997913 0.933719 0.993451
719 0.997913 0.956379 0.991363
729 0.997915 0.884443 0.975984
739 0.997915 0.874977 0.962242
749 0.997915 0.872772 0.968664
759 0.997915 0.844351 0.973489
769 0.999248 0.895345 0.977448
779 0.999248 0.86064 0.984176
789 0.999262 0.911344 0.97602
799 0.999262 0.963054 0.996383
809 0.999262 0.920325 0.987151
819 0.999262 0.907812 0.989001
829 0.999262 0.928761 0.979778
839 0.999299 0.887344 0.970727
849 0.999328 0.934127 0.985394
859 0.999328 0.870288 0.968596
869 0.999328 0.894553 0.978175
879 0.999328 0.877578 0.987075
889 0.999328 0.887652 0.981333
899 0.999372 0.921188 0.979577
909 0.999372 0.937739 0.986291
919 0.999372 0.901613 0.98437
929 0.999372 0.919069 0.984984
939 0.999372 0.868408 0.983129
949 0.999372 0.923174 0.987906
959 0.999372 0.826921 0.961951
969 0.999372 0.92895 0.99055
979 0.999372 0.893392 0.9749
989 0.999388 0.933678 0.982741
999 0.999393 0.872334 0.968043
1009 0.999393 0.949067 0.991898
1019 0.999393 0.836668 0.983621
1029 0.999393 0.934663 0.994752
1039 0.999393 0.911016 0.994429
1049 0.999434 0.964356 0.991691
1059 0.999478 0.944381 0.991642
1069 0.999478 0.878553 0.973815
1079 0.999478 0.930143 0.991323
1089 0.999568 0.921006 0.98766
1099 0.999568 0.913967 0.980427
1109 0.999568 0.880069 0.987747
1119 0.999568 0.878415 0.98253
1129 0.999568 0.842985 0.950016
1139 0.999627 0.923598 0.987508
1149 0.999627 0.874718 0.978655
1159 0.999627 0.936241 0.989152
1169 0.999627 0.883777 0.976244
1179 0.999654 0.927064 0.989492
1189 0.999654 0.933048 0.972653
1199 0.999654 0.934395 0.992819
1209 0.999654 0.888884 0.98419
1219 0.99976 0.931424 0.987261
1229 0.99976 0.853563 0.961292
1239 0.99976 0.908975 0.983399
1249 0.99976 0.842289 0.976872
1259 0.99976 0.92894 0.986244
1269 0.999769 0.928112 0.982215
1279 0.999769 0.868056 0.976287
1289 0.999769 0.896466 0.986612
1299 0.999769 0.938054 0.992249
1309 0.999769 0.867743 0.973843
1319 0.999827 0.901806 0.983875
1329 0.999827 0.956204 0.996949
1339 0.999827 0.902959 0.983866
1349 0.999827 0.929462 0.993906
1359 0.999827 0.90547 0.983499
1369 0.999827 0.852886 0.983303
1379 0.999827 0.869713 0.981154
1389 0.999827 0.880802 0.970109
1399 0.999827 0.862879 0.979193
1409 0.999863 0.865438 0.968516
1419 0.999863 0.908098 0.984386
1429 0.999863 0.902882 0.988518
1439 0.999863 0.938654 0.99043
1449 0.999863 0.842486 0.978494
1459 0.999863 0.858938 0.970301
1469 0.999869 0.920394 0.982773
1479 0.999869 0.875482 0.993803
1489 0.999869 0.915681 0.990813
1499 0.999869 0.944154 0.995341
1509 0.999869 0.926077 0.987842
1519 0.999869 0.897208 0.980613
1529 0.999869 0.869734 0.96688
1539 0.999869 0.836292 0.988359
1549 0.999869 0.882204 0.974471
1559 0.999869 0.900251 0.979998
1569 0.999869 0.883789 0.973658
1579 0.999869 0.951287 0.991577
1589 0.999869 0.922139 0.98875
1599 0.999869 0.890054 0.982062
1609 0.999869 0.906428 0.977379
1619 0.999869 0.898249 0.973993
1629 0.999869 0.922306 0.984928
1639 0.999874 0.968799 0.99807
1649 0.999874 0.930573 0.990016
1659 0.999874 0.927271 0.978767
1669 0.999874 0.951776 0.991935
1679 0.999874 0.915769 0.976541
1689 0.999874 0.887096 0.977357
1699 0.999874 0.867341 0.991467
1709 0.999874 0.867039 0.98918
1719 0.999874 0.86315 0.982266
1729 0.999874 0.933694 0.981892
1739 0.999874 0.938615 0.998343
1749 0.999874 0.904932 0.990247
1759 0.999874 0.940901 0.992706
1769 0.999874 0.91181 0.987406
1779 0.999874 0.906366 0.98428
1789 0.999874 0.955684 0.990696
1799 0.999874 0.88592 0.982239
1809 0.999876 0.921199 0.989461
1819 0.999876 0.929895 0.987776
1829 0.999876 0.883431 0.978232
1839 0.999876 0.999876 0.999876
1849 0.99988 0.934864 0.986436
1859 0.99988 0.937819 0.978607
1869 0.99988 0.915854 0.976866
1879 0.99988 0.960958 0.996382
1889 0.99988 0.918458 0.992115
1899 0.99988 0.93868 0.984333
1909 0.999881 0.844346 0.988464
1919 0.999881 0.942208 0.991107
1929 0.999882 0.908924 0.993935
1939 0.999911 0.914006 0.985731
1949 0.999911 0.913128 0.976675
1959 0.999911 0.916345 0.976215
1969 0.999961 0.829747 0.974888
1979 0.999961 0.861457 0.984769
1989 0.999961 0.910495 0.988974
1999 0.999961 0.907403 0.978393
2009 0.999961 0.838036 0.968732
2019 0.999976 0.867988 0.970585
2029 0.999976 0.925433 0.985862
2039 0.999976 0.914958 0.983548
2049 0.999976 0.924471 0.988824
2059 0.999976 0.893998 0.980252
2069 0.999976 0.885004 0.974462
2079 0.999976 0.916982 0.978019
2089 0.999976 0.903066 0.984188
2099 0.999976 0.930802 0.990925
2109 0.999976 0.839291 0.98241
2119 0.999976 0.868826 0.971178
2129 0.999976 0.883313 0.980598
2139 0.999976 0.882769 0.974148
2149 0.999976 0.835476 0.981582
2159 0.999976 0.935512 0.988675
2169 0.999979 0.999976 0.999978
2179 0.999979 0.897492 0.978156
2189 0.999979 0.927032 0.994133
2199 0.999979 0.937064 0.982672
2209 0.999979 0.881422 0.972523
2219 0.999979 0.91634 0.984887
2229 0.999979 0.922022 0.983348
2239 0.999979 0.916176 0.990335
2249 0.999979 0.940933 0.993906
2259 0.999979 0.820506 0.981135
2269 0.999979 0.82626 0.978382
2279 0.999979 0.875688 0.982209
2289 0.999979 0.914881 0.983658
2299 0.999979 0.894014 0.984428
2309 1.00005 0.887861 0.981387
2319 1.00005 0.817723 0.97469
2329 1.00005 0.847475 0.983064
2339 1.00005 0.904992 0.978143
2349 1.00005 0.894451 0.984461
2359 1.00005 0.877176 0.979689
2369 1.00005 0.862286 0.981748
2379 1.00005 0.855355 0.980091
2389 1.00005 0.877545 0.979907
2399 1.00005 0.940013 0.992981
2409 1.00005 0.873977 0.968454
2419 1.00005 0.938479 0.992072
2429 1.00005 0.930369 0.985693
2439 1.00006 0.897941 0.977202
2449 1.00006 0.857202 0.971855
2459 1.00006 0.899639 0.985725
2469 1.00006 0.945741 0.993659
2479 1.00006 0.860832 0.972304
2489 1.00006 0.898297 0.981799
2499 1.00006 0.909399 0.992259
