9 0.783331 0.294849 0.540754
19 0.919222 0.492291 0.771161
29 0.973867 0.527695 0.840509
39 0.973867 0.537671 0.855833
49 0.998368 0.571502 0.807578
59 0.998368 0.457366 0.751942
69 0.998368 0.698 0.913803
79 0.998368 0.55112 0.78349
89 0.998368 0.57094 0.825358
99 0.998368 0.564822 0.825962
109 0.998368 0.305696 0.877283
119 0.998368 0.587355 0.839773
129 0.998368 0.596215 0.866894
139 0.998368 0.330383 0.802034
149 0.998368 0.772297 0.939956
159 0.998368 0.505717 0.798132
169 0.998368 0.591792 0.842259
179 0.998368 0.613953 0.886413
189 0.998368 0.503028 0.826087
199 0.998368 0.601546 0.849663
209 0.998368 0.483304 0.782195
219 0.998368 0.457774 0.744898
229 0.998368 0.406084 0.789279
239 0.998368 0.503969 0.827427
249 0.998368 0.614679 0.901903
259 0.998368 0.697036 0.872783
269 0.998368 0.502402 0.83413
279 0.998368 0.351981 0.801743
289 0.998368 0.495371 0.803468
299 0.998368 0.619711 0.829831
309 0.998368 0.467847 0.808228
319 0.998368 0.319196 0.71804
329 0.998368 0.571595 0.86234
339 0.998368 0.550117 0.885262
349 0.998368 0.464459 0.823055
359 0.998368 0.559223 0.833732
369 0.998368 0.599045 0.877829
379 0.998368 0.370014 0.745124
389 0.998368 0.685433 0.881605
399 0.998368 0.600604 0.846754
409 0.998368 0.403959 0.816495
419 0.998368 0.553855 0.825426
429 0.998368 0.388913 0.782537
439 0.998368 0.429308 0.74247
449 0.998368 0.308143 0.801455
459 0.998368 0.417217 0.844291
469 0.998368 0.592934 0.837625
479 0.998368 0.387267 0.787945
489 0.998368 0.358817 0.882666
499 0.998368 0.674675 0.860552
509 0.998368 0.480801 0.763072
519 0.998368 0.536296 0.841833
529 0.998368 0.547406 0.794327
539 0.998368 0.613238 0.81775
549 0.998368 0.450437 0.72196
559 0.998368 0.58955 0.895065
569 0.998368 0.479601 0.738689
579 0.998368 0.361623 0.825846
589 0.998368 0.48006 0.82037
599 0.998368 0.479602 0.798559
609 0.998368 0.338228 0.773152
619 0.998368 0.396116 0.815886
629 0.998368 0.623243 0.890652
639 0.998368 0.600446 0.83963
649 0.998368 0.670373 0.883547
659 0.998368 0.396494 0.898744
669 0.998368 0.584168 0.848463
679 0.998368 0.429929 0.72744
689 0.998368 0.314912 0.740641
699 0.998368 0.28543 0.715988
709 0.998368 0.728065 0.895028
719 0.998368 0.275176 0.830035
729 0.998368 0.55028 0.88695
739 0.998368 0.537616 0.812743
749 0.998368 0.621285 0.849412
759 0.998368 0.458273 0.809329
769 0.998368 0.668943 0.91805
779 0.998368 0.410246 0.812225
789 0.998368 0.507209 0.81882
799 0.998368 0.189664 0.745364
809 0.998368 0.638529 0.910759
819 0.998368 0.516005 0.821657
829 0.998368 0.537875 0.842177
839 0.998368 0.546217 0.863881
849 0.998368 0.436202 0.842027
859 0.998368 0.396787 0.779242
869 0.998368 0.591938 0.890999
879 0.998368 0.502152 0.789486
889 0.998368 0.470772 0.829291
899 0.998368 0.66384 0.892001
909 0.998368 0.391236 0.832519
919 0.998368 0.57054 0.824676
929 0.998368 0.592679 0.858032
939 0.998368 0.564508 0.877596
949 0.998368 0.405139 0.777722
959 0.998368 0.538387 0.80313
969 0.998368 0.599695 0.848676
979 0.998368 0.464276 0.815079
989 0.998368 0.272259 0.766053
999 0.998368 0.639848 0.907384
1009 0.998368 0.542154 0.849564
1019 0.998368 0.486163 0.855466
1029 0.998368 0.425364 0.758937
1039 0.998368 0.310604 0.813619
1049 0.998368 0.398607 0.798409
1059 0.998368 0.527037 0.859045
1069 0.998368 0.501075 0.75253
1079 0.998368 0.409043 0.802239
1089 0.998368 0.599806 0.917155
1099 0.998368 0.489782 0.845852
1109 0.998368 0.466045 0.813575
1119 0.998368 0.567958 0.860249
1129 0.998368 0.522002 0.804688
1139 0.998368 0.385759 0.815904
1149 0.998368 0.528885 0.835011
1159 0.998368 0.513473 0.823716
1169 0.998368 0.492834 0.865241
1179 0.998368 0.421443 0.832677
1189 0.998368 0.595966 0.837285
1199 0.998368 0.426366 0.861497
1209 0.998368 0.528836 0.781409
1219 0.998368 0.423527 0.789892
1229 0.998368 0.555508 0.83577
1239 0.998368 0.477234 0.870645
1249 0.998368 0.426391 0.792545
1259 0.998368 0.62569 0.889849
1269 0.998368 0.505325 0.841991
1279 0.998368 0.485407 0.82737
1289 0.998368 0.570436 0.841692
1299 0.998368 0.434199 0.71998
1309 0.998368 0.569096 0.879331
1319 0.998368 0.430045 0.856317
1329 0.998368 0.494103 0.856027
1339 0.998368 0.433591 0.760094
1349 0.998368 0.461772 0.792586
1359 0.998368 0.299073 0.697512
1369 0.998368 0.4871 0.848179
1379 0.998368 0.603315 0.849818
1389 0.998368 0.365273 0.726806
1399 0.998368 0.551886 0.881362
1409 0.998368 0.474157 0.826344
1419 0.998368 0.510954 0.845608
1429 0.998368 0.409805 0.811596
1439 0.998368 0.504616 0.778336
1449 0.998368 0.722504 0.920355
1459 0.998368 0.585591 0.830945
1469 0.998368 0.614239 0.893648
1479 0.998368 0.678168 0.913278
1489 0.998368 0.519515 0.886633
1499 0.998368 0.50207 0.824302
1509 0.998368 0.374931 0.794952
1519 0.998368 0.545101 0.809928
1529 0.998368 0.571406 0.873101
1539 0.998368 0.541758 0.769774
1549 0.998368 0.589707 0.832648
1559 0.998368 0.593703 0.831655
1569 0.998368 0.521943 0.876817
1579 0.998368 0.44053 0.864768
1589 0.998368 0.453994 0.82372
1599 0.998368 0.599672 0.852541
1609 0.998368 0.388096 0.763419
1619 0.998368 0.723582 0.871364
1629 0.998368 0.550774 0.831291
1639 0.998368 0.48638 0.781919
1649 0.998368 0.485887 0.819842
1659 0.998368 0.547258 0.884099
1669 0.998368 0.641289 0.859913
1679 0.998368 0.635231 0.907108
1689 0.998368 0.671811 0.905347
1699 0.998368 0.569484 0.741349
1709 0.998368 0.573693 0.816844
1719 0.998368 0.624357 0.888581
1729 0.998368 0.597911 0.810165
1739 0.998368 0.640368 0.88461
1749 0.998368 0.379513 0.751543
1759 0.998368 0.544363 0.853086
1769 0.998368 0.638848 0.849679
1779 0.998368 0.495345 0.81303
1789 0.998368 0.355355 0.763354
1799 0.998368 0.574362 0.803687
1809 0.998368 0.577405 0.865775
1819 0.998368 0.483938 0.796414
1829 0.998368 0.370797 0.775647
1839 0.998368 0.491429 0.746751
1849 0.998368 0.620211 0.80561
1859 0.998368 0.425459 0.845184
1869 0.998368 0.490014 0.874602
1879 0.998368 0.429243 0.791131
1889 0.998368 0.742467 0.930255
1899 0.998368 0.612661 0.908262
1909 0.998368 0.559664 0.829428
1919 0.998368 0.511635 0.826921
1929 0.998368 0.541598 0.839377
1939 0.998368 0.631033 0.86002
1949 0.998368 0.433329 0.865799
1959 0.998368 0.365139 0.812397
1969 0.998368 0.521755 0.866733
1979 0.998368 0.479828 0.782134
1989 0.998368 0.411412 0.825829
1999 0.998368 0.449895 0.788472
2009 0.998368 0.464767 0.800183
2019 0.998368 0.530867 0.764091
2029 0.998368 0.52375 0.820708
2039 0.998368 0.659525 0.846572
2049 0.998368 0.438663 0.74801
2059 0.998368 0.580853 0.830286
2069 0.998368 0.493295 0.793014
2079 0.998368 0.369873 0.73597
2089 0.998368 0.662866 0.913989
2099 0.998368 0.671961 0.878427
2109 0.998368 0.457976 0.790858
2119 0.998368 0.426103 0.805776
2129 0.998368 0.409188 0.871364
2139 0.998368 0.49108 0.857749
2149 0.998368 0.461186 0.822438
2159 0.998368 0.515449 0.799979
2169 0.998368 0.659048 0.890964
2179 0.998368 0.498971 0.84611
2189 0.998368 0.640505 0.882539
2199 0.998368 0.633085 0.842358
2209 0.998368 0.504712 0.86517
2219 0.998368 0.596455 0.865089
2229 0.998368 0.537958 0.848433
2239 0.998368 0.238941 0.760342
2249 0.998368 0.573969 0.802578
2259 0.998368 0.467797 0.828357
2269 0.998368 0.401879 0.797551
2279 0.998368 0.459653 0.769871
2289 0.998368 0.567586 0.841542
2299 0.998368 0.511493 0.799347
2309 0.998368 0.486523 0.843462
2319 0.998368 0.47785 0.811869
2329 0.998368 0.508776 0.850294
2339 0.998368 0.625506 0.836667
2349 0.998368 0.536344 0.776308
2359 0.998368 0.566965 0.864115
2369 0.998368 0.675201 0.923712
2379 0.998368 0.48507 0.807946
2389 0.998368 0.563425 0.819945
2399 0.998368 0.458643 0.823307
2409 0.998368 0.648648 0.925019
2419 0.998368 0.715816 0.913833
2429 0.998368 0.577141 0.842047
2439 0.998368 0.488861 0.83796
2449 0.998368 0.327373 0.740283
2459 0.998368 0.653383 0.867639
2469 0.998368 0.56012 0.874912
2479 0.998368 0.437412 0.840184
2489 0.998368 0.497463 0.824348
2499 0.998368 0.570903 0.779798
