0 0.71503 0.0286358 0.266304
100 0.985074 0.225305 0.655613
200 0.988644 0.0847245 0.716187
300 0.988644 0.0239278 0.687827
400 0.988644 0.122727 0.702891
500 0.988644 0.165141 0.663112
600 0.988644 0.252084 0.726856
700 0.988644 0.106997 0.681736
800 0.993304 0.162846 0.7626
900 0.993304 0.189914 0.633685
1000 0.993304 0.17302 0.69734
1100 0.993304 0.190218 0.709058
1200 0.993304 0.173909 0.699558
1300 0.993304 0.160598 0.744876
1400 0.993304 0.214313 0.710736
1500 0.993304 0.117145 0.614369
1600 0.993304 0.163969 0.652131
1700 0.993304 0.149303 0.723657
1800 0.998705 0.0427262 0.63278
1900 0.999966 0.0822467 0.594478
2000 0.999966 0.0813433 0.752831
2100 0.999966 0.245111 0.74449
2200 0.999966 0.101239 0.720642
2300 0.999966 0.161442 0.683695
2400 0.999966 0.152822 0.684937
2500 0.999966 0.228661 0.782971
2600 0.999966 0.231359 0.697644
2700 0.999966 0.211711 0.691107
2800 0.999966 0.232709 0.739948
2900 0.999966 0.24218 0.728656
3000 0.999966 0.23838 0.709806
3100 0.999966 0.247097 0.757936
3200 0.999966 0.14358 0.72413
3300 0.999966 0.0814211 0.670413
3400 0.999966 0.289759 0.764672
3500 0.999966 0.165929 0.658053
3600 0.999966 0.202089 0.715698
3700 0.999966 0.224971 0.738782
3800 0.999966 0.0605662 0.662281
3900 1.00145 0.300431 0.800054
4000 1.00145 0.158536 0.700918
4100 1.00145 0.139183 0.784057
4200 1.00145 0.0842571 0.686697
4300 1.00145 0.107313 0.687765
4400 1.00145 0.205988 0.6349
4500 1.00145 0.171096 0.719672
4600 1.00145 0.098637 0.746229
4700 1.00145 0.112225 0.723853
4800 1.00145 0.237895 0.713947
4900 1.00145 0.116285 0.769139
5000 1.00145 0.189029 0.76149
5100 1.00145 0.098855 0.677542
5200 1.00145 0.0872886 0.698266
5300 1.00145 0.192408 0.70384
5400 1.00145 0.172276 0.681783
5500 1.00145 0.0818905 0.626518
5600 1.00145 0.170506 0.769373
5700 1.0017 0.303074 0.741941
5800 1.0017 0.220584 0.689062
5900 1.0017 0.205002 0.688342
6000 1.0017 0.12287 0.662968
6100 1.0017 0.123446 0.681162
6200 1.0017 0.184591 0.677745
6300 1.0017 0.0363098 0.679325
6400 1.0017 0.20968 0.697932
6500 1.0017 0.0603595 0.672925
6600 1.0017 0.118913 0.643449
6700 1.0017 0.15046 0.664485
6800 1.0017 0.255242 0.721481
6900 1.0017 0.201049 0.705157
7000 1.0017 0.124001 0.681022
7100 1.00372 0.105801 0.750636
7200 1.00372 0.180022 0.706069
7300 1.00372 0.232042 0.704629
7400 1.00372 0.126577 0.721046
7500 1.00372 0.18356 0.755097
7600 1.00372 0 0.629785
7700 1.00372 0.204592 0.723487
7800 1.00372 0.212038 0.727854
7900 1.00372 0.238564 0.722576
8000 1.00372 0.122771 0.673981
8100 1.00372 0.17908 0.659729
8200 1.00372 0.241995 0.758661
8300 1.00372 0.13673 0.674158
8400 1.00372 0.228704 0.779489
8500 1.00372 0.0752144 0.694803
8600 1.00372 0.115403 0.693212
8700 1.00372 0.127509 0.677701
8800 1.00372 0.19251 0.750074
8900 1.00372 0.193933 0.73542
9000 1.00372 0.129033 0.738486
9100 1.00372 0.169706 0.765405
9200 1.00372 0.110195 0.657713
9300 1.00372 0.167356 0.723064
9400 1.00372 0.183011 0.704768
9500 1.00372 0.105135 0.702728
9600 1.00372 0.265985 0.673534
9700 1.00372 0.108178 0.686847
9800 1.00372 0.122568 0.638767
9900 1.00372 0.0841257 0.712551
10000 1.00372 0.344869 0.802928
