0 0.583042 0.0730635 0.256533
100 0.984159 0.759022 0.945517
200 0.992197 0.740956 0.945871
300 0.996735 0.725998 0.926631
400 0.997348 0.764607 0.939035
500 0.999293 0.782532 0.935277
600 1.00012 0.689592 0.918705
700 1.00013 0.716967 0.929924
800 1.00014 0.813086 0.952653
900 1.00091 0.74525 0.927639
1000 1.00091 0.624521 0.902526
1100 1.00091 0.660133 0.939322
1200 1.00091 0.797656 0.959908
1300 1.00091 0.730237 0.900658
1400 1.00091 0.787961 0.944295
1500 1.00091 0.76879 0.952714
1600 1.00091 0.645193 0.906418
1700 1.00091 0.762486 0.946245
1800 1.00091 0.59675 0.935533
1900 1.00091 0.703635 0.921659
2000 1.00091 0.723045 0.936088
2100 1.00091 0.743784 0.943171
2200 1.00091 0.687825 0.946586
2300 1.00091 0.747701 0.938058
2400 1.00091 0.746808 0.953129
2500 1.00091 0.691797 0.957357
2600 1.00091 0.778351 0.957485
2700 1.00091 0.630065 0.929876
2800 1.00091 0.682882 0.910773
2900 1.00091 0.761948 0.932276
3000 1.00091 0.761119 0.913529
3100 1.00091 0.734168 0.930583
3200 1.00091 0.782638 0.947106
3300 1.00091 0.757596 0.952307
3400 1.00091 0.710745 0.963873
3500 1.00091 0.683196 0.943984
3600 1.00091 0.652255 0.944211
3700 1.00091 0.72424 0.949527
3800 1.00091 0.70764 0.944572
3900 1.00091 0.763226 0.946902
4000 1.00091 0.715936 0.942479
4100 1.00091 0.635148 0.935162
4200 1.00091 0.744301 0.962994
4300 1.00091 0.651561 0.915157
4400 1.00091 0.6998 0.945378
4500 1.00091 0.67109 0.944874
4600 1.00091 0.688069 0.947566
4700 1.00091 0.731892 0.971012
4800 1.00091 0.731412 0.951
4900 1.00091 0.66032 0.937661
5000 1.00091 0.721959 0.933872
5100 1.00091 0.710666 0.94687
5200 1.00091 0.743172 0.922502
5300 1.00093 0.72184 0.91469
5400 1.00093 0.752477 0.932286
5500 1.00093 0.735713 0.942994
5600 1.00093 0.727031 0.937966
5700 1.00093 0.760059 0.949739
5800 1.00093 0.739571 0.925048
5900 1.00093 0.794763 0.968235
6000 1.00093 0.756617 0.946586
6100 1.00093 0.786215 0.955773
6200 1.00103 0.795994 0.959219
6300 1.00103 0.681041 0.932428
6400 1.00103 0.768555 0.965656
6500 1.00103 0.792369 0.952769
6600 1.00103 0.689467 0.909853
6700 1.00103 0.69511 0.912715
6800 1.00103 0.74688 0.950343
6900 1.00103 0.672467 0.938946
7000 1.00103 0.701208 0.934516
7100 1.00103 0.61726 0.909767
7200 1.00103 0.737318 0.948329
7300 1.00103 0.803074 0.944385
7400 1.00103 0.717374 0.927884
7500 1.00103 0.795661 0.959388
7600 1.00103 0.709616 0.915407
7700 1.00103 0.60265 0.938316
7800 1.00103 0.618374 0.915659
7900 1.00103 0.692541 0.920979
8000 1.00103 0.678675 0.939644
8100 1.00103 0.659517 0.935009
8200 1.00103 0.749762 0.944812
8300 1.00103 0.720123 0.945023
8400 1.00103 0.65646 0.925288
8500 1.00103 0.689035 0.938047
8600 1.00103 0.631687 0.93082
8700 1.00103 0.730121 0.943683
8800 1.00103 0.646517 0.920495
8900 1.00103 0.709513 0.956384
9000 1.00103 0.731936 0.965844
9100 1.00103 0.725863 0.938111
9200 1.00103 0.74663 0.93931
9300 1.00103 0.728678 0.913394
9400 1.00103 0.730204 0.927296
9500 1.00103 0.770651 0.944833
9600 1.00103 0.635434 0.943014
9700 1.00103 0.68338 0.935018
9800 1.00103 0.794533 0.960142
9900 1.00103 0.670138 0.909453
10000 1.00103 0.575227 0.907359
