0 0.618768 0 0.261628
100 0.997407 0.228004 0.656043
200 0.997407 0.10386 0.709786
300 0.997407 0.186098 0.667622
400 0.997407 0.0672996 0.649969
500 0.997407 0.20164 0.689709
600 0.997407 0.150889 0.739791
700 0.997407 0 0.67678
800 1.00115 0.119122 0.652593
900 1.00115 0.244823 0.793673
1000 1.00115 0.211077 0.710852
1100 1.00115 0.263062 0.76359
1200 1.00115 0.0606826 0.723096
1300 1.00115 0.0632502 0.735106
1400 1.00115 0.0660133 0.645695
1500 1.00115 0.120278 0.657628
1600 1.00115 0.0410166 0.639982
1700 1.00115 0.0880649 0.740358
1800 1.00115 0.129594 0.62245
1900 1.00115 0.0239278 0.720513
2000 1.00115 0.199158 0.685335
2100 1.00115 0.0659338 0.654329
2200 1.00115 0.239387 0.713904
2300 1.00115 0.12387 0.724808
2400 1.00115 0.187152 0.682386
2500 1.00266 0.146749 0.573525
2600 1.00266 0.167462 0.64587
2700 1.00266 0.210091 0.710101
2800 1.00266 0.0859861 0.726628
2900 1.00266 0.16751 0.639221
3000 1.00266 0.102851 0.741213
3100 1.00266 0.121237 0.727212
3200 1.00266 0.0751889 0.701416
3300 1.00269 0.203238 0.694151
3400 1.00269 0.235722 0.724641
3500 1.00269 0.0144827 0.655283
3600 1.00269 0.140373 0.670576
3700 1.00269 0.231811 0.7523
3800 1.00269 0.142043 0.662598
3900 1.00269 0.158489 0.721825
4000 1.00269 0.174416 0.702398
4100 1.00269 0.141142 0.715967
4200 1.00269 0.181366 0.729954
4300 1.00269 0.244241 0.706704
4400 1.00269 0.143703 0.692876
4500 1.00269 0.0170889 0.641536
4600 1.00269 0.147599 0.687517
4700 1.00269 0.247902 0.732038
4800 1.00269 0.130968 0.706999
4900 1.00269 0.0238923 0.633953
5000 1.00269 0.286453 0.74322
5100 1.00269 0.200498 0.634776
5200 1.00269 0.204008 0.72156
5300 1.00269 0.223659 0.747661
5400 1.00269 0.125453 0.707359
5500 1.00269 0.141518 0.630415
5600 1.00269 0.114079 0.728011
5700 1.00269 0.111558 0.651871
5800 1.00269 0.111037 0.687105
5900 1.00269 0.179136 0.716807
6000 1.00269 0.177582 0.728989
6100 1.00269 0.18464 0.691747
6200 1.00269 0.102548 0.667562
6300 1.00269 0.197091 0.715737
6400 1.00269 0.104577 0.653709
6500 1.00269 0.224539 0.781444
6600 1.00338 0.256389 0.726801
6700 1.00445 0.155842 0.753144
6800 1.00445 0.245853 0.740146
6900 1.00445 0.123658 0.699746
7000 1.00445 0.322263 0.740447
7100 1.00445 0.123658 0.775123
7200 1.00445 0.220451 0.734537
7300 1.00445 0.181429 0.686118
7400 1.00445 0.217899 0.695914
7500 1.00445 0.129458 0.704202
7600 1.00445 0.137488 0.691081
7700 1.00445 0.180496 0.693591
7800 1.00445 0.138165 0.719321
7900 1.00445 0.191246 0.763822
8000 1.00445 0.121028 0.670499
8100 1.00445 0.229502 0.697235
8200 1.00445 0.125205 0.723374
8300 1.00445 0.158616 0.740915
8400 1.00445 0.24874 0.687735
8500 1.00445 0.147103 0.729078
8600 1.00445 0.198509 0.712692
8700 1.00445 0.273362 0.710739
8800 1.00445 0.1638 0.686979
8900 1.00445 0.20141 0.719137
9000 1.00445 0.180496 0.691782
9100 1.00445 0.148276 0.65299
9200 1.00445 0.106627 0.741641
9300 1.00445 0.205884 0.682843
9400 1.00445 0.0409454 0.710521
9500 1.00445 0.206602 0.730308
9600 1.00445 0.240042 0.674326
9700 1.00445 0.203839 0.68189
9800 1.00445 0.126546 0.656568
9900 1.00445 0.165268 0.663885
10000 1.00445 0.0728516 0.731279
