0 0.72609 0 0.270712
100 0.988397 0.23051 0.699008
200 0.993681 0.25397 0.721469
300 0.998897 0.27113 0.683995
400 0.999676 0.193018 0.64613
500 0.999676 0.0774511 0.657764
600 0.999865 0.210413 0.72651
700 0.999865 0.168102 0.737206
800 0.999865 0.213741 0.695182
900 1.00286 0.218762 0.706752
1000 1.00286 0.0747627 0.579771
1100 1.00286 0.270643 0.735933
1200 1.00286 0.150895 0.75915
1300 1.00286 0.198516 0.738064
1400 1.00286 0.0190996 0.636712
1500 1.00286 0.277962 0.738544
1600 1.00286 0.121519 0.637672
1700 1.00286 0.198728 0.766742
1800 1.00286 0.197694 0.691375
1900 1.00286 0.1695 0.746272
2000 1.00286 0.230787 0.746008
2100 1.00286 0.176405 0.665316
2200 1.00286 0.289271 0.6905
2300 1.00286 0.158903 0.70838
2400 1.00286 0.0987957 0.729599
2500 1.00286 0.235719 0.736437
2600 1.00286 0.128157 0.688539
2700 1.00286 0.202034 0.753968
2800 1.00286 0.279588 0.729093
2900 1.00286 0.210805 0.735272
3000 1.00286 0.177719 0.675984
3100 1.00286 0.186971 0.665334
3200 1.00286 0.0264779 0.800793
3300 1.00286 0.0556249 0.628639
3400 1.00286 0.173761 0.76538
3500 1.00286 0.0333339 0.709161
3600 1.00286 0.207867 0.706611
3700 1.00286 0.0410946 0.618765
3800 1.00286 0.163421 0.700817
3900 1.00286 0.117168 0.68904
4000 1.00286 0.0938122 0.676552
4100 1.00286 0.240711 0.753495
4200 1.00286 0.098159 0.734882
4300 1.00286 0.223107 0.683204
4400 1.00286 0.085221 0.680522
4500 1.00286 0.230883 0.721798
4600 1.00286 0.204367 0.699215
4700 1.00376 0.17119 0.722485
4800 1.00376 0.0843898 0.743331
4900 1.00376 0.216244 0.744201
5000 1.00376 0.306121 0.734599
5100 1.00376 0.191351 0.728621
5200 1.00376 0.103702 0.683697
5300 1.00376 0.238177 0.649829
5400 1.00376 0.283155 0.773351
5500 1.00376 0.129231 0.630801
5600 1.00376 0.177673 0.659922
5700 1.00376 0.178762 0.718937
5800 1.00376 0.210831 0.642633
5900 1.00376 0.187561 0.701105
6000 1.00376 0.36571 0.792189
6100 1.00376 0.0583362 0.700746
6200 1.00376 0.122026 0.626226
6300 1.00376 0.15533 0.659104
6400 1.00376 0.153813 0.647759
6500 1.00376 0.17323 0.762614
6600 1.00376 0.246735 0.725801
6700 1.00376 0.229437 0.708839
6800 1.00376 0.199089 0.765718
6900 1.00376 0.0357817 0.709776
7000 1.00376 0.0990235 0.700399
7100 1.00376 0.161514 0.713638
7200 1.00376 0.0589481 0.729772
7300 1.00376 0.0859362 0.675298
7400 1.00376 0.0972167 0.648424
7500 1.00376 0.236242 0.698906
7600 1.00376 0.236164 0.669279
7700 1.00376 0 0.653008
7800 1.00376 0.227186 0.749939
7900 1.00376 0.143971 0.734456
8000 1.00376 0.0626728 0.686622
8100 1.00376 0.150139 0.650887
8200 1.00376 0.210382 0.678562
8300 1.00376 0.175105 0.706873
8400 1.00376 0.0975024 0.676894
8500 1.00376 0.275633 0.756808
8600 1.00376 0.0633796 0.690003
8700 1.00376 0.172439 0.75416
8800 1.00376 0.141952 0.722228
8900 1.00376 0.0839106 0.650903
9000 1.00376 0.151909 0.685772
9100 1.00376 0.0833907 0.654599
9200 1.00376 0.135008 0.658203
9300 1.00376 0.0369091 0.736657
9400 1.00376 0.058302 0.719918
9500 1.00376 0.2082 0.778404
9600 1.00376 0.146692 0.72112
9700 1.00376 0.102915 0.702509
9800 1.00376 0.250493 0.771936
9900 1.00376 0.0814346 0.758868
10000 1.00376 0.187561 0.732184
