0 0.616477 0 0.253628
100 0.990586 0.232062 0.718052
200 0.990586 0.166565 0.748808
300 0.99808 0.182236 0.737261
400 0.998543 0.19681 0.689535
500 0.998543 0.127388 0.725892
600 0.998543 0.0582842 0.706739
700 0.998543 0.227421 0.69932
800 0.998543 0.294191 0.715722
900 0.998543 0.261212 0.745386
1000 0.998543 0.192183 0.689963
1100 1.00037 0.158852 0.708576
1200 1.00037 0.128486 0.665042
1300 1.00037 0.205219 0.775523
1400 1.00037 0.346672 0.778934
1500 1.00037 0.166956 0.734541
1600 1.00037 0.162098 0.664059
1700 1.00037 0.202684 0.704867
1800 1.00037 0 0.748847
1900 1.00037 0.103831 0.697806
2000 1.00037 0.260054 0.694555
2100 1.00037 0.156708 0.648033
2200 1.00037 0.249876 0.666875
2300 1.00037 0.163242 0.671949
2400 1.00037 0.185421 0.714942
2500 1.00037 0.180999 0.670937
2600 1.00037 0.104386 0.687246
2700 1.00037 0.176618 0.747962
2800 1.00037 0.0709856 0.679612
2900 1.00037 0.291291 0.763958
3000 1.00037 0.143435 0.711239
3100 1.00037 0.278726 0.798152
3200 1.00037 0.124891 0.69212
3300 1.00037 0.0769976 0.729945
3400 1.00037 0.140124 0.776107
3500 1.00037 0.25972 0.745855
3600 1.00037 0.146681 0.545705
3700 1.00037 0.204544 0.75175
3800 1.00037 0.160814 0.694751
3900 1.00037 0.213905 0.645673
4000 1.00037 0.119979 0.700638
4100 1.00037 0.124415 0.621454
4200 1.00037 0.172795 0.698458
4300 1.00037 0.24748 0.758309
4400 1.00037 0.166057 0.682223
4500 1.00037 0.18836 0.680654
4600 1.00037 0.120092 0.664811
4700 1.00037 0.140171 0.753712
4800 1.00037 0.0339355 0.789751
4900 1.00037 0.258763 0.727513
5000 1.00037 0.0872552 0.721252
5100 1.00037 0.1671 0.738998
5200 1.00037 0.114822 0.696006
5300 1.00037 0.0605574 0.688182
5400 1.00037 0.150281 0.709395
5500 1.00037 0.120092 0.67918
5600 1.00037 0.230324 0.78118
5700 1.00037 0.127334 0.600438
5800 1.00037 0.0713516 0.745544
5900 1.00037 0.212488 0.788271
6000 1.00037 0.0818218 0.622848
6100 1.00037 0.212359 0.695246
6200 1.00037 0.145835 0.662369
6300 1.00037 0.156708 0.766275
6400 1.00037 0.139134 0.680459
6500 1.00037 0.101268 0.676822
6600 1.00037 0.133113 0.683773
6700 1.00037 0.0967387 0.62385
6800 1.00037 0.148057 0.71547
6900 1.00037 0.199339 0.586248
7000 1.00037 0.164462 0.640011
7100 1.00037 0.181568 0.666332
7200 1.00037 0.0837324 0.684332
7300 1.00037 0.17578 0.723058
7400 1.00037 0.291329 0.807397
7500 1.00037 0.186668 0.683951
7600 1.00037 0.1557 0.724581
7700 1.00037 0.181129 0.666917
7800 1.00037 0.0555683 0.731324
7900 1.00037 0.313327 0.723192
8000 1.00037 0.20092 0.749771
8100 1.00037 0.0401207 0.686192
8200 1.00037 0.239258 0.700074
8300 1.00037 0.175855 0.722182
8400 1.00037 0.243588 0.72223
8500 1.00037 0.1671 0.723503
8600 1.00037 0.191007 0.753585
8700 1.00119 0.272238 0.75993
8800 1.00119 0.206919 0.703113
8900 1.00119 0.190278 0.650127
9000 1.00119 0.250792 0.690442
9100 1.00119 0.289864 0.759462
9200 1.00119 0.0644001 0.708319
9300 1.00119 0.175283 0.675425
9400 1.00119 0.150836 0.660009
9500 1.00119 0.143435 0.718166
9600 1.00119 0.0376513 0.719811
9700 1.00119 0.206919 0.756857
9800 1.00119 0.0697457 0.69233
9900 1.00119 0.155014 0.769821
10000 1.00119 0.266266 0.715351
