0 0.630782 0 0.268426
100 0.989155 0.113577 0.706435
200 0.989155 0.243814 0.713935
300 0.994921 0.120634 0.666893
400 0.997339 0.101341 0.729819
500 0.998434 0.200388 0.774673
600 0.998434 0.224553 0.670107
700 0.998434 0.166207 0.636448
800 0.998434 0.198091 0.669605
900 0.998434 0.104962 0.658319
1000 0.998434 0.047277 0.676816
1100 0.998434 0.272017 0.66699
1200 0.998434 0.258694 0.679589
1300 0.998434 0.261972 0.62513
1400 0.998434 0.0605509 0.718887
1500 0.998434 0.192099 0.744375
1600 0.998434 0.0465956 0.561779
1700 0.998434 0.237037 0.686522
1800 0.998434 0.203968 0.65602
1900 0.998434 0.214302 0.687887
2000 0.998434 0.206825 0.629053
2100 0.998434 0.0572199 0.623405
2200 0.998434 0.101543 0.681927
2300 0.998434 0.151628 0.608138
2400 0.998434 0.2319 0.651495
2500 0.998434 0.148759 0.706457
2600 0.998434 0.0572199 0.656414
2700 0.998434 0.196721 0.642351
2800 0.998434 0.292539 0.77263
2900 0.998434 0.162225 0.761585
3000 0.998434 0.231475 0.705021
3100 0.998434 0.0647222 0.674856
3200 0.998434 0.243067 0.659319
3300 0.998434 0.184111 0.682066
3400 0.998434 0.221359 0.756768
3500 0.998434 0.29037 0.754607
3600 0.998434 0.145541 0.68138
3700 0.998434 0.257636 0.744578
3800 0.998434 0.0208797 0.685052
3900 0.998434 0.303841 0.738539
4000 0.998434 0.190167 0.695739
4100 0.998434 0.174014 0.638874
4200 0.998434 0.315792 0.765543
4300 0.998434 0.222487 0.735848
4400 0.998434 0.047383 0.590464
4500 0.998434 0.0969629 0.62006
4600 0.998434 0.123004 0.677429
4700 0.998434 0.225778 0.757905
4800 0.998434 0.261522 0.732786
4900 0.998434 0.225855 0.730024
5000 0.998434 0.242415 0.697084
5100 0.998434 0.269046 0.729247
5200 0.998434 0.211359 0.7392
5300 0.998434 0.141574 0.652165
5400 0.998434 0.218897 0.750725
5500 0.998434 0.188838 0.68028
5600 0.998434 0.172073 0.678634
5700 0.998434 0.124621 0.677396
5800 0.998434 0.186131 0.716299
5900 0.998434 0.196793 0.661455
6000 0.998434 0.136265 0.667352
6100 0.998434 0.237276 0.745002
6200 0.998434 0.0503807 0.664692
6300 0.998434 0.235829 0.840232
6400 0.998434 0.143665 0.748798
6500 0.998434 0.250234 0.735321
6600 0.998434 0.2086 0.630256
6700 0.998434 0.180975 0.61622
6800 0.998434 0.162182 0.635599
6900 0.998434 0.118194 0.712759
7000 0.998434 0.250849 0.682688
7100 0.998434 0.204469 0.632383
7200 0.998434 0.354343 0.747417
7300 0.998434 0.155467 0.717966
7400 0.998434 0.146145 0.703203
7500 0.998434 0.149037 0.656175
7600 0.998434 0.127777 0.664565
7700 0.998434 0.304134 0.749945
7800 0.998434 0.0918813 0.725596
7900 0.998434 0.223532 0.734943
8000 0.998434 0.16658 0.736966
8100 0.998434 0.234951 0.670506
8200 0.998434 0.161841 0.68895
8300 0.998434 0.193723 0.738061
8400 0.998434 0.273095 0.730076
8500 0.998434 0.107133 0.698967
8600 0.998434 0.279055 0.7392
8700 0.998434 0.169101 0.684313
8800 0.998434 0.0608147 0.676997
8900 0.998434 0.0657731 0.627449
9000 0.998434 0.0474424 0.615684
9100 0.998434 0.198051 0.632344
9200 0.998434 0.172719 0.624257
9300 0.998434 0.182782 0.691758
9400 0.998434 0.170604 0.669791
9500 0.998434 0.0815008 0.647182
9600 0.998434 0.155565 0.678852
9700 0.998434 0.0543659 0.717101
9800 0.998434 0.148485 0.68304
9900 0.998434 0.0636999 0.704703
10000 0.998434 0.197738 0.813332
