0 0.367188 0.164062 0.265208
10 0.46875 0.1875 0.36526
20 0.578125 0.453125 0.532604
30 0.664062 0.578125 0.631302
40 0.742188 0.648438 0.708073
50 0.78125 0.703125 0.769948
60 0.796875 0.726562 0.777188
70 0.835938 0.757812 0.810521
80 0.859375 0.789062 0.853281
90 0.859375 0.765625 0.851146
100 0.882812 0.78125 0.865104
110 0.898438 0.828125 0.889271
120 0.90625 0.851562 0.894323
130 0.90625 0.867188 0.902813
140 0.929688 0.804688 0.919323
150 0.929688 0.84375 0.917552
160 0.929688 0.8125 0.918854
170 0.929688 0.859375 0.922865
180 0.929688 0.835938 0.922396
190 0.929688 0.851562 0.919479
200 0.929688 0.84375 0.920104
210 0.929688 0.875 0.923177
220 0.929688 0.851562 0.923646
230 0.929688 0.851562 0.920625
240 0.929688 0.851562 0.921094
250 0.929688 0.84375 0.921771
260 0.929688 0.859375 0.920885
270 0.929688 0.835938 0.921771
280 0.9375 0.859375 0.93151
290 0.9375 0.867188 0.931979
300 0.953125 0.828125 0.928333
310 0.960938 0.875 0.949792
320 0.96875 0.890625 0.958177
330 0.984375 0.90625 0.962656
340 0.984375 0.867188 0.976667
350 0.984375 0.914062 0.977396
360 0.984375 0.890625 0.978177
370 0.984375 0.914062 0.975833
380 0.984375 0.890625 0.973854
390 0.984375 0.90625 0.977604
400 0.984375 0.875 0.972031
410 0.984375 0.898438 0.97849
420 0.984375 0.914062 0.980313
430 0.984375 0.90625 0.975365
440 0.984375 0.898438 0.970417
450 0.984375 0.859375 0.974115
460 0.984375 0.898438 0.975938
470 0.984375 0.914062 0.974688
480 0.984375 0.914062 0.973021
490 0.984375 0.90625 0.975365
500 0.984375 0.90625 0.975833
510 0.984375 0.90625 0.976354
520 0.984375 0.90625 0.976302
530 0.984375 0.90625 0.977135
540 0.984375 0.90625 0.974583
550 0.984375 0.914062 0.974896
560 0.984375 0.90625 0.975573
570 0.984375 0.890625 0.975677
580 0.984375 0.867188 0.973125
590 0.984375 0.90625 0.976771
600 0.984375 0.90625 0.976615
610 0.984375 0.875 0.972448
620 0.984375 0.9375 0.978594
630 0.984375 0.90625 0.977083
640 0.984375 0.875 0.969948
650 0.984375 0.90625 0.974375
660 0.984375 0.9375 0.978281
670 0.984375 0.898438 0.976042
680 0.984375 0.898438 0.976615
690 0.984375 0.90625 0.974531
700 0.984375 0.882812 0.976094
710 0.984375 0.882812 0.974167
720 0.984375 0.90625 0.976198
730 0.984375 0.914062 0.975781
740 0.984375 0.898438 0.976719
750 0.984375 0.867188 0.974271
760 0.984375 0.890625 0.973802
770 0.984375 0.9375 0.978177
780 0.984375 0.914062 0.97599
790 0.984375 0.835938 0.973646
800 0.984375 0.898438 0.978229
810 0.984375 0.921875 0.977552
820 0.984375 0.898438 0.974792
830 0.984375 0.890625 0.9725
840 0.984375 0.90625 0.975781
850 0.984375 0.90625 0.975417
860 0.984375 0.90625 0.979479
870 0.984375 0.921875 0.977656
880 0.984375 0.898438 0.977344
890 0.984375 0.898438 0.976823
900 0.984375 0.90625 0.976094
910 0.984375 0.90625 0.976771
920 0.984375 0.90625 0.978542
930 0.984375 0.859375 0.973958
940 0.984375 0.875 0.972812
950 0.984375 0.90625 0.975625
960 0.984375 0.859375 0.971042
970 0.984375 0.859375 0.978177
980 0.984375 0.9375 0.979792
990 0.984375 0.890625 0.979219
1000 0.984375 0.890625 0.976562
