0 0.704629 0 0.266796
100 0.979586 0.14873 0.625976
200 0.995912 0.206313 0.683903
300 0.996879 0.115719 0.696226
400 0.996879 0.0459326 0.723542
500 0.996879 0.187412 0.705411
600 0.996879 0.0533393 0.72784
700 0.996879 0.210037 0.722299
800 0.996879 0.0975526 0.685031
900 0.998507 0.183197 0.629484
1000 1.00001 0.115671 0.747621
1100 1.00001 0.203666 0.695885
1200 1.00001 0.104484 0.678559
1300 1.00001 0.239873 0.646572
1400 1.00001 0.305241 0.719233
1500 1.00001 0.0233424 0.699538
1600 1.00001 0.117756 0.571061
1700 1.00001 0.0650111 0.711559
1800 1.00001 0.112848 0.731427
1900 1.00001 0.0678756 0.727299
2000 1.00001 0.207164 0.709965
2100 1.00001 0.138322 0.657748
2200 1.00001 0.213041 0.715215
2300 1.00001 0.187923 0.681087
2400 1.00001 0.0998794 0.627753
2500 1.00001 0.136049 0.717129
2600 1.00001 0.0395331 0.626922
2700 1.00001 0.0678756 0.730408
2800 1.00001 0.203202 0.759468
2900 1.00001 0.17088 0.706927
3000 1.00001 0.308926 0.778985
3100 1.00001 0.187332 0.659697
3200 1.00001 0.135788 0.72122
3300 1.00001 0.251035 0.745598
3400 1.00001 0.420871 0.840784
3500 1.00001 0.231823 0.705376
3600 1.00001 0.179502 0.688106
3700 1.00001 0.209766 0.780316
3800 1.00001 0.0909514 0.717496
3900 1.00001 0.146169 0.769377
4000 1.00001 0.182353 0.690156
4100 1.00001 0.238961 0.730012
4200 1.00001 0.146563 0.720029
4300 1.00001 0.229068 0.68753
4400 1.00001 0.117875 0.729171
4500 1.00001 0.179196 0.721365
4600 1.00001 0.309443 0.75446
4700 1.00001 0.23402 0.693951
4800 1.00001 0.175668 0.747866
4900 1.00001 0.21718 0.698229
5000 1.00001 0.0820438 0.727218
5100 1.00001 0.0407894 0.674133
5200 1.00001 0.0803599 0.704013
5300 1.00001 0.193939 0.723146
5400 1.00001 0.1126 0.68483
5500 1.00001 0.21932 0.759877
5600 1.00001 0.273076 0.665636
5700 1.00382 0.164893 0.648949
5800 1.00382 0.326585 0.781986
5900 1.00382 0.239693 0.70329
6000 1.00382 0.234096 0.697102
6100 1.00382 0.135877 0.677562
6200 1.00382 0.169019 0.716948
6300 1.00382 0.253951 0.757164
6400 1.00382 0.183186 0.719586
6500 1.00382 0.180394 0.78631
6600 1.00382 0.111724 0.729677
6700 1.00382 0.163685 0.718513
6800 1.00382 0.13755 0.685243
6900 1.00382 0.185405 0.75457
7000 1.00382 0.294071 0.749817
7100 1.00382 0.263386 0.690769
7200 1.00382 0.228606 0.70456
7300 1.00382 0.105912 0.650706
7400 1.00382 0.210404 0.755142
7500 1.00382 0.176976 0.721156
7600 1.00382 0.228502 0.682532
7700 1.00382 0.220514 0.705589
7800 1.00382 0.18346 0.671377
7900 1.00382 0.224255 0.770708
8000 1.00382 0.152109 0.664894
8100 1.00382 0.275923 0.769628
8200 1.00382 0.133535 0.732564
8300 1.00382 0.194559 0.701806
8400 1.00382 0.165324 0.710019
8500 1.00382 0.0593696 0.731365
8600 1.00382 0.153046 0.690688
8700 1.00382 0.0595723 0.712412
8800 1.00382 0.156295 0.720583
8900 1.00382 0.180848 0.728296
9000 1.00382 0.172817 0.707935
9100 1.00382 0.200592 0.642921
9200 1.00382 0.167527 0.693795
9300 1.00382 0.202182 0.691278
9400 1.00382 0.112912 0.729099
9500 1.00382 0.20653 0.722286
9600 1.00382 0.2637 0.705786
9700 1.00382 0.200925 0.694824
9800 1.00382 0.149758 0.688933
9900 1.00382 0.163653 0.742189
10000 1.00382 0.0691421 0.646298
