9 0.508873 0.291675 0.454687
19 0.631405 0.529756 0.597545
29 0.727677 0.603259 0.691854
39 0.826102 0.696707 0.783615
49 0.868554 0.799274 0.856423
59 0.877691 0.825378 0.865981
69 0.914845 0.762869 0.864851
79 0.916649 0.852591 0.903973
89 0.921383 0.847776 0.90726
99 0.937901 0.872267 0.926372
109 0.941371 0.789974 0.90965
119 0.942641 0.84789 0.925576
129 0.952057 0.868842 0.921757
139 0.968158 0.87407 0.948449
149 0.968158 0.910532 0.963091
159 0.968172 0.851605 0.949751
169 0.968666 0.894559 0.953731
179 0.970016 0.89865 0.955156
189 0.970032 0.891751 0.960107
199 0.970791 0.889198 0.960046
209 0.971377 0.912881 0.95681
219 0.971377 0.922986 0.963074
229 0.972449 0.853391 0.955067
239 0.972449 0.909116 0.959397
249 0.973147 0.886614 0.936156
259 0.973147 0.901537 0.96454
269 0.973224 0.901143 0.958821
279 0.97384 0.899002 0.963205
289 0.98539 0.918889 0.978703
299 0.99208 0.79488 0.974217
309 0.992149 0.895018 0.973856
319 0.992149 0.889787 0.964197
329 0.992149 0.869443 0.958219
339 0.992149 0.90771 0.9777
349 0.992149 0.875167 0.970943
359 0.992149 0.921226 0.972903
369 0.992149 0.8987 0.967388
379 0.992282 0.917298 0.983226
389 0.995106 0.870705 0.949157
399 0.995157 0.921461 0.986655
409 0.99519 0.894934 0.976752
419 0.99519 0.916591 0.980957
429 0.99519 0.895549 0.980794
439 0.995373 0.914015 0.98093
449 0.995373 0.995373 0.995373
459 0.995373 0.995373 0.995373
469 0.995373 0.855557 0.967711
479 0.995373 0.882395 0.979788
489 0.995373 0.916218 0.980821
499 0.995373 0.879717 0.972918
509 0.995552 0.913589 0.972777
519 0.995552 0.902996 0.989478
529 0.995552 0.920871 0.980061
539 0.995552 0.941399 0.987997
549 0.995655 0.920763 0.97625
559 0.995655 0.930912 0.982911
569 0.995655 0.934951 0.984487
579 0.995666 0.909227 0.985075
589 0.995666 0.897573 0.978529
599 0.995667 0.919355 0.982219
609 0.995681 0.995681 0.995681
619 0.995681 0.923321 0.98029
629 0.995681 0.884742 0.975178
639 0.996771 0.88433 0.97218
649 0.996771 0.940481 0.990885
659 0.996808 0.918927 0.981455
669 0.996808 0.90281 0.970677
679 0.996808 0.913765 0.973441
689 0.996808 0.925195 0.986221
699 0.996808 0.911601 0.983091
709 0.996808 0.912753 0.977228
719 0.996959 0.923356 0.984909
729 0.996959 0.941501 0.988871
739 0.996959 0.912973 0.98421
749 0.997017 0.931096 0.988424
759 0.997052 0.900669 0.976299
769 0.997072 0.867436 0.974545
779 0.997072 0.900668 0.977252
789 0.997194 0.940576 0.988217
799 0.997275 0.950526 0.990636
809 0.997275 0.898864 0.975926
819 0.997275 0.891963 0.978365
829 0.997275 0.827994 0.960326
839 0.997275 0.930755 0.982871
849 0.997275 0.912549 0.970822
859 0.997414 0.899702 0.978302
869 0.997414 0.897251 0.974869
879 0.997516 0.911716 0.971963
889 0.997516 0.882077 0.987573
899 0.997516 0.863469 0.965122
909 0.997516 0.915365 0.991046
919 0.998167 0.883592 0.982364
929 0.99817 0.946454 0.990511
939 0.998171 0.887568 0.980237
949 0.998171 0.882618 0.972758
959 0.998171 0.945154 0.993141
969 0.998171 0.904121 0.98963
979 0.998171 0.912674 0.98164
989 0.998171 0.943195 0.985822
999 0.998274 0.932038 0.990643
1009 0.998274 0.925287 0.985607
1019 0.998274 0.923355 0.981113
1029 0.998274 0.936906 0.98662
1039 0.998274 0.934791 0.989246
1049 0.998274 0.921602 0.986582
1059 0.999226 0.929839 0.989712
1069 0.999226 0.913118 0.977929
1079 0.999226 0.88868 0.973621
1089 0.999226 0.867523 0.96596
1099 0.999226 0.900756 0.982529
1109 0.999226 0.924117 0.984903
1119 0.999226 0.925234 0.988138
1129 0.999226 0.95245 0.997647
1139 0.999226 0.92747 0.974205
1149 0.999226 0.873658 0.977724
1159 0.999226 0.933537 0.992791
1169 0.999227 0.899969 0.982396
1179 0.999227 0.90933 0.983747
1189 0.999227 0.929661 0.982745
1199 0.999256 0.924676 0.988195
1209 0.999256 0.878931 0.973131
1219 0.999256 0.752818 0.966927
1229 0.999256 0.883573 0.978955
1239 0.999256 0.853794 0.985894
1249 0.999256 0.914293 0.986689
1259 0.999256 0.879403 0.982973
1269 0.999256 0.866215 0.982157
1279 0.999256 0.909145 0.972366
1289 0.999256 0.886698 0.969031
1299 0.999256 0.859956 0.966828
1309 0.999256 0.878874 0.973423
1319 0.999256 0.929001 0.982891
1329 0.999256 0.919073 0.977289
1339 0.999256 0.966065 0.997267
1349 0.999256 0.916771 0.985092
1359 0.999256 0.908248 0.98445
1369 0.999256 0.846073 0.958528
1379 0.999256 0.931295 0.993776
1389 0.999256 0.945324 0.989724
1399 0.999256 0.908664 0.984618
1409 0.999256 0.999256 0.999256
1419 0.999266 0.933572 0.996565
1429 0.999266 0.843096 0.96586
1439 0.999276 0.924474 0.987348
1449 0.999276 0.922067 0.983369
1459 0.999276 0.913368 0.973442
1469 0.999276 0.847007 0.978066
1479 0.999276 0.902313 0.987087
1489 0.999276 0.922527 0.984222
1499 0.999276 0.901092 0.971501
1509 0.999276 0.899935 0.979099
1519 0.999276 0.911171 0.984732
1529 0.999297 0.925834 0.991076
1539 0.999297 0.859604 0.969537
1549 0.999297 0.899607 0.989768
1559 0.999297 0.911059 0.987751
1569 0.999297 0.888295 0.986133
1579 0.999374 0.977653 0.997736
1589 0.999374 0.941762 0.992848
1599 0.999374 0.921221 0.988573
1609 0.999374 0.913746 0.985226
1619 0.999374 0.842893 0.974972
1629 0.999374 0.915712 0.986593
1639 0.999374 0.90983 0.981123
1649 0.999374 0.917028 0.991061
1659 0.999374 0.933196 0.983606
1669 0.999374 0.909889 0.973382
1679 0.999374 0.884771 0.975756
1689 0.999374 0.917786 0.979896
1699 0.999374 0.934273 0.987221
1709 0.999374 0.880662 0.975741
1719 0.999405 0.907557 0.971279
1729 0.999405 0.940461 0.98361
1739 0.999405 0.939163 0.994039
1749 0.999405 0.947071 0.992819
1759 0.999405 0.873665 0.962887
1769 0.999474 0.952845 0.997767
1779 0.999474 0.881401 0.978916
1789 0.999474 0.912846 0.983878
1799 0.999474 0.929369 0.987603
1809 0.999507 0.900695 0.989128
1819 0.999507 0.922766 0.988327
1829 0.999508 0.893699 0.985187
1839 0.99951 0.870646 0.978851
1849 0.99951 0.877868 0.980498
1859 0.99951 0.868815 0.98169
1869 0.999511 0.870583 0.983729
1879 0.999511 0.943641 0.98973
1889 0.999511 0.918059 0.9955
1899 0.999511 0.929002 0.994133
1909 0.999511 0.886019 0.979286
1919 0.999511 0.879675 0.989868
1929 0.999511 0.937378 0.990354
1939 0.999511 0.884479 0.979386
1949 0.999511 0.917996 0.987082
1959 0.999511 0.918582 0.981072
1969 0.999511 0.916465 0.992025
1979 0.999511 0.947672 0.989956
1989 0.999512 0.927549 0.992298
1999 0.999512 0.857909 0.961734
2009 0.999512 0.923144 0.985385
2019 0.999512 0.83939 0.966357
2029 0.999512 0.905528 0.980793
2039 0.999512 0.952806 0.994501
2049 0.999512 0.914963 0.981677
2059 0.999512 0.940418 0.99207
2069 0.999512 0.945789 0.995037
2079 0.999512 0.925106 0.991812
2089 0.999512 0.892298 0.969895
2099 0.999512 0.901663 0.983783
2109 0.999512 0.925186 0.98869
2119 0.999512 0.91327 0.976381
2129 0.999512 0.907322 0.988419
2139 0.999512 0.932161 0.994832
2149 0.999512 0.902127 0.990094
2159 0.999512 0.947227 0.980332
2169 0.999512 0.892226 0.979368
2179 0.999541 0.902249 0.980326
2189 0.999541 0.949693 0.993302
2199 0.999541 0.898344 0.977634
2209 0.999541 0.917229 0.984649
2219 0.999541 0.927353 0.996613
2229 0.999541 0.911465 0.989876
2239 0.999541 0.879396 0.978062
2249 0.999541 0.902121 0.99172
2259 0.999541 0.900022 0.980373
2269 0.999593 0.8876 0.986613
2279 0.999593 0.939718 0.990194
2289 0.999593 0.839793 0.972326
2299 0.999593 0.896618 0.972478
2309 0.999593 0.898654 0.983413
2319 0.999593 0.928497 0.986563
2329 0.999593 0.87632 0.968509
2339 0.999593 0.867764 0.975699
2349 0.999593 0.956558 0.991771
2359 0.999593 0.921715 0.991847
2369 0.999593 0.885154 0.974793
2379 0.999637 0.89403 0.980314
2389 0.999637 0.899946 0.979421
2399 0.999637 0.884302 0.972323
2409 0.999637 0.86219 0.979237
2419 0.999637 0.87185 0.985407
2429 0.99968 0.921686 0.980354
2439 0.99968 0.956557 0.995056
2449 0.99968 0.919437 0.9885
2459 0.99968 0.889854 0.976719
2469 0.99968 0.84305 0.967148
2479 0.99968 0.901305 0.97337
2489 0.99968 0.943696 0.996816
2499 0.999681 0.892456 0.974518
