0 0.384291 0.131382 0.275519
10 0.568718 0.412254 0.511759
20 0.704267 0.568006 0.653902
30 0.811999 0.664061 0.765989
40 0.850324 0.714933 0.812307
50 0.900873 0.766344 0.868655
60 0.921539 0.777492 0.884597
70 0.926649 0.75944 0.860694
80 0.941016 0.776041 0.899081
90 0.967806 0.844271 0.936891
100 0.980786 0.779676 0.941159
110 0.981756 0.837671 0.942412
120 0.981896 0.873496 0.953196
130 0.983038 0.728403 0.933735
140 0.984983 0.833983 0.947188
150 0.985756 0.856291 0.947386
160 0.98705 0.850375 0.939328
170 0.987086 0.810229 0.915453
180 0.988518 0.810226 0.958372
190 0.989925 0.812491 0.937471
200 0.989945 0.792046 0.946605
210 0.990058 0.842854 0.930145
220 0.992626 0.842229 0.953955
230 0.992724 0.840266 0.946198
240 0.992724 0.825368 0.948146
250 0.993364 0.796616 0.94048
260 0.993364 0.826187 0.94808
270 0.993364 0.819982 0.930226
280 0.993364 0.836301 0.956417
290 0.993364 0.8517 0.948674
300 0.993364 0.768475 0.934632
310 0.993364 0.811136 0.950177
320 0.993364 0.821214 0.963891
330 0.994787 0.889441 0.964275
340 0.994787 0.854672 0.962082
350 0.994854 0.838133 0.942372
360 0.994854 0.84699 0.953938
370 0.994854 0.887512 0.960591
380 0.994854 0.834265 0.94927
390 0.994919 0.839676 0.959188
400 0.995581 0.833557 0.948159
410 0.995581 0.812645 0.940631
420 0.995647 0.867652 0.955461
430 0.995647 0.837494 0.935715
440 0.995647 0.833494 0.953651
450 0.995647 0.859074 0.94429
460 0.995647 0.844071 0.950785
470 0.99565 0.80691 0.956172
480 0.99565 0.862688 0.95453
490 0.995692 0.841378 0.951652
500 0.995705 0.858094 0.971024
510 0.995705 0.832337 0.960111
520 0.995858 0.842627 0.943865
530 0.996561 0.841082 0.941479
540 0.996737 0.827295 0.936317
550 0.996737 0.870945 0.963694
560 0.996817 0.857935 0.945804
570 0.996817 0.854847 0.95512
580 0.998062 0.812898 0.942767
590 0.998062 0.806792 0.965246
600 0.998062 0.848675 0.936758
610 0.998062 0.792128 0.941052
620 0.998146 0.816807 0.940876
630 0.998212 0.886343 0.968901
640 0.998212 0.822134 0.950806
650 0.998212 0.851988 0.946932
660 0.998212 0.873047 0.966723
670 0.998212 0.866502 0.961135
680 0.998212 0.871606 0.954778
690 0.998212 0.865206 0.958842
700 0.999506 0.86606 0.962374
710 0.999506 0.889074 0.969693
720 0.999541 0.868176 0.979866
730 0.999545 0.800109 0.940106
740 0.999545 0.806916 0.93591
750 0.999545 0.852856 0.947027
760 0.999616 0.816494 0.946578
770 0.999657 0.863782 0.966555
780 0.999671 0.864279 0.955313
790 0.999671 0.853505 0.969846
800 0.999671 0.873261 0.962476
810 0.999671 0.729008 0.948809
820 0.999672 0.828079 0.964157
830 0.999672 0.865817 0.95863
840 0.999705 0.872991 0.964167
850 0.999705 0.826007 0.943215
860 0.999705 0.885425 0.970873
870 0.999705 0.836519 0.950654
880 0.999705 0.852191 0.958643
890 0.999705 0.839516 0.9507
900 0.999705 0.830386 0.949203
910 0.999705 0.789372 0.944515
920 0.999706 0.781692 0.95246
930 0.999706 0.832655 0.953903
940 0.999706 0.845313 0.95896
950 0.999706 0.873497 0.961743
960 0.999709 0.801411 0.957449
970 0.999709 0.931946 0.982162
980 0.999709 0.872727 0.963765
990 0.999709 0.728537 0.952855
1000 0.999709 0.811922 0.954611
1010 0.999709 0.816285 0.958757
1020 0.999709 0.80046 0.956868
1030 0.999709 0.675981 0.931183
1040 0.999709 0.827121 0.959738
1050 0.999709 0.844477 0.965337
1060 0.999728 0.851433 0.954815
1070 0.999728 0.684977 0.923278
1080 0.999728 0.804746 0.927498
1090 0.999728 0.832349 0.953284
1100 0.999728 0.831879 0.945192
1110 0.999728 0.77923 0.962386
1120 0.999728 0.811851 0.960792
1130 0.999728 0.772926 0.948289
1140 0.999728 0.81648 0.944325
1150 0.999728 0.883441 0.959935
1160 0.999759 0.81191 0.945228
1170 0.999759 0.836863 0.966124
1180 0.999759 0.847217 0.959057
1190 0.999759 0.812161 0.938632
1200 0.999775 0.798203 0.944944
1210 0.999776 0.87277 0.963903
1220 0.999776 0.855383 0.946677
1230 0.999804 0.822437 0.949786
1240 0.999804 0.826657 0.948697
1250 0.999804 0.836097 0.96487
1260 0.999804 0.852418 0.960767
1270 0.999804 0.861164 0.945452
1280 0.999804 0.897427 0.971449
1290 0.999804 0.852521 0.968121
1300 0.999804 0.818496 0.950465
1310 0.999804 0.863066 0.961141
1320 0.999804 0.843176 0.956098
1330 0.999804 0.838941 0.955898
1340 0.999804 0.79379 0.970219
1350 0.999804 0.873291 0.962164
1360 0.999815 0.793657 0.946701
1370 0.99993 0.821594 0.941107
1380 0.999939 0.844185 0.94846
1390 0.999939 0.781218 0.94256
1400 0.999939 0.863746 0.968355
1410 0.999943 0.843958 0.965367
1420 0.999943 0.844466 0.943234
1430 0.999943 0.826661 0.931701
1440 0.999943 0.854685 0.940202
1450 0.999943 0.822113 0.952602
1460 0.999949 0.874813 0.963607
1470 0.999949 0.769625 0.943593
1480 0.999949 0.847455 0.958471
1490 0.999949 0.879947 0.971686
1500 0.999949 0.832475 0.929575
1510 0.999949 0.795701 0.964729
1520 0.999949 0.85237 0.975489
1530 0.999984 0.827552 0.947364
1540 0.999984 0.787878 0.927558
1550 0.999984 0.876704 0.971087
1560 0.999984 0.768108 0.922605
1570 0.999984 0.82131 0.939949
1580 0.999984 0.893624 0.974247
1590 1.00011 0.819878 0.940776
1600 1.00011 0.810763 0.933713
1610 1.00011 0.849826 0.950765
1620 1.00011 0.794477 0.940367
1630 1.00011 0.809205 0.950327
1640 1.00011 0.799121 0.944163
1650 1.00011 0.888374 0.962478
1660 1.00011 0.905439 0.964466
1670 1.00011 0.791306 0.950537
1680 1.00011 0.808988 0.949007
1690 1.00011 0.85195 0.955958
1700 1.00011 0.841292 0.935805
1710 1.00012 0.852648 0.950888
1720 1.00012 0.799689 0.923563
1730 1.00012 0.829468 0.942202
1740 1.00012 0.889223 0.962917
1750 1.00013 0.846301 0.938396
1760 1.00013 0.811687 0.938777
1770 1.00013 0.855543 0.962211
1780 1.00013 0.848586 0.969454
1790 1.00013 0.802728 0.952657
1800 1.00013 0.907542 0.975428
1810 1.00016 0.802876 0.952999
1820 1.00016 0.884667 0.97563
1830 1.00016 0.810133 0.951275
1840 1.00016 0.860896 0.963528
1850 1.00021 0.881997 0.966896
1860 1.00021 0.871522 0.959337
1870 1.00021 0.853874 0.96472
1880 1.00021 0.817767 0.950377
1890 1.00021 0.889051 0.958565
1900 1.00021 0.875669 0.98959
1910 1.00021 0.868126 0.959193
1920 1.00021 0.846511 0.949703
1930 1.00021 0.846271 0.960009
1940 1.00021 0.892165 0.971703
1950 1.00021 0.854466 0.954313
1960 1.00021 0.852415 0.948323
1970 1.00021 0.901653 0.980843
1980 1.00021 0.843352 0.963292
1990 1.00021 0.842373 0.959945
2000 1.00021 0.870108 0.972261
