0 0.400765 0.125643 0.260853
100 0.979121 0.849617 0.958835
200 0.992029 0.895419 0.978048
300 0.99649 0.92482 0.988495
400 0.997289 0.866056 0.977568
500 0.997513 0.920577 0.984649
600 0.998361 0.897891 0.98401
700 0.998363 0.836012 0.971639
800 0.998704 0.876914 0.974552
900 0.999975 0.898041 0.975747
1000 1.00007 0.867122 0.981767
1100 1.00019 0.893225 0.978986
1200 1.00019 0.917953 0.985149
1300 1.00022 0.918912 0.988228
1400 1.00023 0.858418 0.976
1500 1.00024 0.864298 0.982405
1600 1.00024 0.881483 0.986945
1700 1.00031 0.865316 0.984189
1800 1.00031 0.91926 0.9876
1900 1.00031 0.868408 0.978386
2000 1.00037 0.841894 0.990542
2100 1.00041 0.901119 0.988614
2200 1.00041 0.885413 0.986351
2300 1.00041 0.921553 0.989743
2400 1.00041 0.903222 0.989037
2500 1.00049 0.883773 0.985482
2600 1.00061 0.907404 0.985907
2700 1.00061 0.903174 0.989662
2800 1.00061 0.897618 0.988781
2900 1.00069 0.84706 0.982389
3000 1.00072 0.872464 0.976365
3100 1.00072 0.855409 0.980721
3200 1.00072 0.877362 0.982494
3300 1.00077 0.923618 0.988598
3400 1.00078 0.891006 0.992791
3500 1.00078 0.918922 0.993705
3600 1.00078 0.822622 0.969503
3700 1.00078 0.910976 0.990149
3800 1.00078 0.91503 0.993176
3900 1.00078 0.869048 0.98334
4000 1.0008 0.929061 0.99373
4100 1.00082 0.904925 0.98218
4200 1.00082 0.889955 0.986079
4300 1.0009 0.89705 0.987209
4400 1.0009 0.909976 0.984619
4500 1.00093 0.857714 0.989698
4600 1.00093 0.905873 0.991875
4700 1.00096 0.870089 0.985127
4800 1.00097 0.911846 0.991665
4900 1.00099 0.903512 0.987577
5000 1.00102 0.920245 0.988619
5100 1.00102 0.85996 0.985833
5200 1.00102 0.929869 0.992819
5300 1.00102 0.852515 0.983283
5400 1.00102 0.863094 0.979205
5500 1.00104 0.890619 0.987413
5600 1.00104 0.897844 0.986743
5700 1.00104 0.87346 0.979971
5800 1.00104 0.942126 0.993293
5900 1.00104 0.911681 0.983378
6000 1.00104 0.894758 0.988953
6100 1.00105 0.827233 0.974076
6200 1.00105 0.894767 0.985805
6300 1.00105 0.939842 0.995488
6400 1.00105 0.814286 0.990632
6500 1.00106 0.90301 0.989523
6600 1.00106 0.873026 0.976225
6700 1.00106 0.857047 0.979182
6800 1.00106 0.857122 0.985424
6900 1.00106 0.911989 0.988153
7000 1.00106 0.901943 0.987584
7100 1.00106 0.894809 0.9851
7200 1.00111 0.887486 0.984907
7300 1.00111 0.898344 0.990508
7400 1.00112 0.866749 0.980258
7500 1.00112 0.806407 0.988186
7600 1.00112 0.849028 0.980296
7700 1.00112 0.901753 0.977147
7800 1.00112 0.914691 0.993953
7900 1.00114 0.891013 0.98347
8000 1.00114 0.83961 0.973882
8100 1.00114 0.873967 0.980091
8200 1.00114 0.923054 0.988973
8300 1.00114 0.886307 0.978996
8400 1.00114 0.857019 0.981082
8500 1.00114 0.830999 0.984268
8600 1.00114 0.881393 0.977852
8700 1.00114 0.837322 0.980945
8800 1.00114 0.882219 0.987821
8900 1.00114 0.910816 0.989861
9000 1.00114 0.894144 0.989711
9100 1.00114 0.885714 0.987054
9200 1.00114 0.825948 0.980004
9300 1.00114 0.913127 0.990737
9400 1.00114 0.865963 0.988361
9500 1.00114 0.914619 0.992039
9600 1.00114 0.833043 0.986813
9700 1.00114 0.884925 0.989874
9800 1.00114 0.835594 0.985297
9900 1.00114 0.932707 0.991493
10000 1.00114 0.899051 0.985573
