0 0.714905 0 0.262536
100 0.954015 0.185052 0.745237
200 0.954015 0.328176 0.801942
300 0.955412 0 0.655456
400 0.988898 0.124797 0.594787
500 0.992115 0.179119 0.647686
600 0.997301 0.243773 0.671256
700 0.997301 0.192784 0.773102
800 0.997301 0.257631 0.730529
900 0.997301 0.130888 0.658838
1000 0.997301 0.0732015 0.668765
1100 0.997301 0.093633 0.648147
1200 0.997301 0.20295 0.707594
1300 0.997301 0.0219202 0.727608
1400 0.997301 0.228394 0.657942
1500 0.997301 0.19818 0.708652
1600 0.997301 0.0597796 0.609285
1700 0.997301 0.237826 0.761663
1800 0.997301 0.154446 0.74651
1900 0.997301 0.158229 0.632847
2000 0.997301 0.282753 0.683424
2100 0.997301 0.146186 0.717334
2200 0.997301 0.0889075 0.625821
2300 0.997301 0.150497 0.675936
2400 0.997301 0.0983683 0.617192
2500 0.997301 0.0905489 0.73999
2600 0.997301 0.21596 0.678872
2700 0.997301 0.22857 0.685215
2800 0.997301 0.184009 0.67778
2900 0.997301 0.225727 0.631592
3000 0.997301 0.0796132 0.64786
3100 0.997301 0.14108 0.645379
3200 0.997301 0.0858772 0.698772
3300 0.997371 0.0748826 0.596338
3400 0.997371 0.0531802 0.634167
3500 0.997371 0.233392 0.731895
3600 0.997371 0.0716965 0.616524
3700 0.998563 0.2624 0.732135
3800 0.999371 0.143647 0.641766
3900 0.999397 0.225645 0.71149
4000 0.999397 0.235224 0.722546
4100 0.999397 0.202748 0.699902
4200 0.999397 0.187288 0.668797
4300 0.999397 0.154099 0.685983
4400 0.999397 0.167851 0.765334
4500 1.00217 0.212394 0.673651
4600 1.00217 0.191502 0.715081
4700 1.00217 0.144218 0.730042
4800 1.00217 0.15967 0.762934
4900 1.00217 0.0848478 0.665298
5000 1.00217 0.108205 0.637297
5100 1.00217 0.220928 0.707415
5200 1.00217 0.201053 0.771378
5300 1.00217 0.0545552 0.629999
5400 1.00217 0.227546 0.691989
5500 1.00217 0.20507 0.752518
5600 1.00217 0.256462 0.658304
5700 1.00217 0.102914 0.665032
5800 1.00217 0.177659 0.748376
5900 1.00217 0.101908 0.634009
6000 1.00217 0.151388 0.747367
6100 1.00217 0.123853 0.633836
6200 1.00217 0.231985 0.677709
6300 1.00217 0.196123 0.799186
6400 1.00217 0.112347 0.768839
6500 1.00217 0.0648573 0.694464
6600 1.00217 0.217161 0.772206
6700 1.00433 0.0852197 0.721475
6800 1.00433 0.187334 0.727171
6900 1.00433 0.141007 0.663359
7000 1.00433 0.17968 0.674013
7100 1.00433 0.0980431 0.71357
7200 1.00433 0.209712 0.664687
7300 1.00433 0.106939 0.659622
7400 1.00433 0.140145 0.706264
7500 1.00433 0.219719 0.684146
7600 1.00433 0.267579 0.714188
7700 1.00433 0.140115 0.780048
7800 1.00433 0.0684273 0.653283
7900 1.00433 0.335923 0.733596
8000 1.00433 0.197917 0.681016
8100 1.00433 0.164618 0.758618
8200 1.00433 0.172198 0.708177
8300 1.00433 0.0190996 0.685474
8400 1.00433 0.20359 0.773523
8500 1.00433 0.168814 0.682226
8600 1.00433 0.0225942 0.649004
8700 1.00433 0.25462 0.781469
8800 1.00433 0.155186 0.686968
8900 1.00433 0.0612234 0.668701
9000 1.00433 0.295857 0.812912
9100 1.00433 0.257147 0.693392
9200 1.00433 0.0225459 0.68957
9300 1.00433 0.0998757 0.6738
9400 1.00433 0.249669 0.785748
9500 1.00433 0.0620818 0.714539
9600 1.00433 0.121711 0.704821
9700 1.00433 0.285917 0.76404
9800 1.00433 0.121007 0.755199
9900 1.00433 0.0205849 0.623268
10000 1.00433 0.0797408 0.645934
