0 0.500714 0.0190996 0.233522
100 1.00129 0.246857 0.745819
200 1.00156 0.22939 0.669745
300 1.00156 0.135501 0.654029
400 1.00156 0.310853 0.74099
500 1.00206 0.240389 0.742703
600 1.00206 0.193369 0.746886
700 1.00206 0.104665 0.662273
800 1.00206 0.268711 0.728906
900 1.00206 0.120024 0.692564
1000 1.00206 0.134801 0.694732
1100 1.00206 0.0866412 0.667465
1200 1.00206 0.157195 0.801535
1300 1.00206 0.267359 0.67625
1400 1.00206 0.0445712 0.719187
1500 1.00206 0.123389 0.743407
1600 1.00206 0.0400308 0.617207
1700 1.00206 0.206598 0.699651
1800 1.00206 0.310322 0.750339
1900 1.00206 0.188606 0.722142
2000 1.00206 0.226863 0.743992
2100 1.00206 0.16822 0.733865
2200 1.00206 0.110028 0.648112
2300 1.00206 0.25455 0.730814
2400 1.00206 0.143815 0.698627
2500 1.00206 0.166312 0.707093
2600 1.00206 0.0657989 0.622649
2700 1.00206 0.0736016 0.713011
2800 1.00206 0.227414 0.717119
2900 1.00206 0.183799 0.668275
3000 1.00206 0.130484 0.678139
3100 1.00206 0.110034 0.680061
3200 1.00206 0.210206 0.705806
3300 1.00206 0.158697 0.605015
3400 1.00206 0.200348 0.757278
3500 1.00206 0.0173373 0.639264
3600 1.00206 0.2999 0.736019
3700 1.00206 0.239703 0.694711
3800 1.00206 0.0872121 0.756605
3900 1.00206 0.0854832 0.699785
4000 1.00206 0.255465 0.711977
4100 1.00206 0.201068 0.754411
4200 1.00206 0.181535 0.75941
4300 1.00206 0.190592 0.73399
4400 1.00206 0.146687 0.722209
4500 1.00206 0.128981 0.747022
4600 1.00206 0.299426 0.763224
4700 1.00206 0.0374007 0.680853
4800 1.00206 0.285637 0.749023
4900 1.00206 0.154269 0.718546
5000 1.00206 0.157868 0.656589
5100 1.00206 0.0676968 0.627331
5200 1.00206 0.140093 0.651261
5300 1.00206 0.241711 0.721447
5400 1.00206 0.168124 0.668753
5500 1.00206 0.251587 0.800423
5600 1.00206 0.198244 0.611906
5700 1.00206 0.0992312 0.654501
5800 1.00206 0.295012 0.724821
5900 1.00206 0.0824571 0.670222
6000 1.00206 0.152221 0.641965
6100 1.00206 0.184529 0.62626
6200 1.00206 0.193433 0.723447
6300 1.00206 0.221507 0.728276
6400 1.00206 0.0639053 0.723674
6500 1.00206 0.133371 0.641413
6600 1.00206 0.132908 0.798068
6700 1.00206 0.266942 0.671118
6800 1.00206 0.0747381 0.647928
6900 1.00206 0.172042 0.657068
7000 1.00206 0.115257 0.631161
7100 1.00206 0.244434 0.675623
7200 1.00206 0.11522 0.67301
7300 1.00206 0.26205 0.813308
7400 1.00206 0.151997 0.680128
7500 1.00206 0.238562 0.722843
7600 1.00206 0.166613 0.741703
7700 1.00206 0.147829 0.764441
7800 1.00206 0.213304 0.718489
7900 1.00206 0.195345 0.713503
8000 1.00206 0.251486 0.755609
8100 1.00206 0.130647 0.557568
8200 1.00206 0.290201 0.717185
8300 1.00206 0.0374007 0.719897
8400 1.00206 0.148549 0.628932
8500 1.00206 0.229206 0.718512
8600 1.00206 0.0860068 0.676696
8700 1.00206 0.264763 0.788854
8800 1.00206 0.228219 0.695974
8900 1.00206 0.126972 0.680979
9000 1.00206 0.105149 0.657364
9100 1.00206 0.150817 0.693828
9200 1.00206 0.111686 0.782099
9300 1.00206 0.159724 0.710207
9400 1.00206 0.152311 0.656518
9500 1.00206 0.114543 0.661906
9600 1.00206 0.0605774 0.742518
9700 1.00206 0.234583 0.663138
9800 1.00206 0.169411 0.715381
9900 1.00206 0.234803 0.767414
10000 1.00206 0.155445 0.629473
