0 0.394828 0.128798 0.253196
100 0.977763 0.86679 0.963254
200 0.991892 0.872699 0.969443
300 0.995204 0.920673 0.988872
400 0.997213 0.860368 0.970185
500 0.997758 0.885364 0.9786
600 0.997837 0.881807 0.979415
700 0.997971 0.907904 0.983745
800 0.998043 0.903748 0.988002
900 0.998069 0.879262 0.978423
1000 0.99879 0.812311 0.977908
1100 0.998937 0.94251 0.994555
1200 0.999272 0.919573 0.989438
1300 1.00043 0.845123 0.987105
1400 1.00054 0.910083 0.996616
1500 1.00056 0.936069 0.993704
1600 1.00057 0.873418 0.986773
1700 1.00057 0.899592 0.992579
1800 1.00065 0.833336 0.981723
1900 1.00066 0.883547 0.983847
2000 1.00066 0.925644 0.988324
2100 1.00069 0.863639 0.983358
2200 1.0007 0.90345 0.98242
2300 1.00075 0.908527 0.990988
2400 1.00078 0.877408 0.987835
2500 1.00078 0.928375 0.991293
2600 1.00084 0.865549 0.987178
2700 1.00084 0.872523 0.985962
2800 1.00091 0.908077 0.991169
2900 1.00091 0.874422 0.982278
3000 1.00093 0.92136 0.988883
3100 1.00095 0.865027 0.984893
3200 1.00095 0.885528 0.979123
3300 1.00096 0.885482 0.982194
3400 1.00104 0.878231 0.97959
3500 1.00105 0.878442 0.984794
3600 1.00105 0.841289 0.975352
3700 1.00106 0.914082 0.988382
3800 1.00106 0.813961 0.974261
3900 1.00107 0.916171 0.987465
4000 1.00107 0.851853 0.991507
4100 1.00107 0.902372 0.986566
4200 1.0011 0.872961 0.980948
4300 1.0011 0.87618 0.972036
4400 1.00111 0.873043 0.972141
4500 1.00111 0.953458 0.997115
4600 1.00111 0.848659 0.977441
4700 1.00111 0.855511 0.985621
4800 1.00112 0.882969 0.98453
4900 1.00112 0.862141 0.986417
5000 1.00112 0.879458 0.980029
5100 1.00112 0.924763 0.996093
5200 1.00112 0.852158 0.981287
5300 1.00112 0.921045 0.990972
5400 1.00112 0.946353 0.994752
5500 1.00112 0.904906 0.985719
5600 1.00112 0.877619 0.983276
5700 1.00112 0.875629 0.97995
5800 1.00112 0.9073 0.987665
5900 1.00112 0.906518 0.985404
6000 1.00112 0.903737 0.982501
6100 1.00112 0.898736 0.992877
6200 1.00112 0.87692 0.985256
6300 1.00112 0.922428 0.987691
6400 1.00112 0.88418 0.985671
6500 1.00112 0.891921 0.987266
6600 1.00112 0.86935 0.979899
6700 1.00112 0.912355 0.988029
6800 1.00112 0.853114 0.9796
6900 1.00112 0.830126 0.979759
7000 1.00112 0.834127 0.97561
7100 1.00112 0.891891 0.98729
7200 1.00112 0.920466 0.98692
7300 1.00112 0.864417 0.990335
7400 1.00112 0.901122 0.978552
7500 1.00112 0.914721 0.991479
7600 1.00112 0.915594 0.986294
7700 1.00112 0.813855 0.974714
7800 1.00112 0.923041 0.993223
7900 1.00112 0.907727 0.991878
8000 1.00112 0.841305 0.978979
8100 1.00112 0.915573 0.987476
8200 1.00112 0.869218 0.977158
8300 1.00112 0.860415 0.983526
8400 1.00112 0.872643 0.979657
8500 1.00112 0.841766 0.9842
8600 1.00112 0.86219 0.979188
8700 1.00112 0.879856 0.978715
8800 1.00112 0.911386 0.99598
8900 1.00112 0.88756 0.987028
9000 1.00112 0.893381 0.987
9100 1.00112 0.925509 0.989338
9200 1.00112 0.921421 0.994245
9300 1.00112 0.905633 0.981685
9400 1.00112 0.873035 0.985126
9500 1.00112 0.861098 0.98596
9600 1.00112 0.912484 0.985282
9700 1.00112 0.861833 0.976978
9800 1.00112 0.889207 0.987118
9900 1.00112 0.935317 0.990938
10000 1.00112 0.860562 0.978521
