0 0.420687 0.155177 0.276995
100 0.979277 0.825066 0.950235
200 0.99511 0.853875 0.978639
300 0.995579 0.835237 0.985455
400 0.997769 0.91097 0.988476
500 0.99807 0.914202 0.982986
600 0.999686 0.888469 0.984722
700 0.999767 0.904815 0.988804
800 0.999908 0.871214 0.9828
900 1.00003 0.885286 0.981413
1000 1.00027 0.90952 0.985651
1100 1.0003 0.889703 0.98159
1200 1.00031 0.884667 0.982932
1300 1.00032 0.897544 0.983887
1400 1.00036 0.885779 0.987149
1500 1.00041 0.9049 0.984958
1600 1.00042 0.861046 0.98132
1700 1.00049 0.837059 0.982478
1800 1.00049 0.887769 0.976931
1900 1.00051 0.910209 0.986522
2000 1.00051 0.893854 0.988216
2100 1.00051 0.884033 0.978389
2200 1.00051 0.787802 0.976001
2300 1.00058 0.872206 0.982683
2400 1.00058 0.87693 0.98078
2500 1.0006 0.887628 0.98171
2600 1.00062 0.930218 0.987439
2700 1.00062 0.893863 0.989295
2800 1.00063 0.883937 0.982381
2900 1.00071 0.89035 0.984577
3000 1.00074 0.889489 0.98316
3100 1.00085 0.849291 0.98454
3200 1.00086 0.873239 0.986031
3300 1.00091 0.897623 0.979309
3400 1.00091 0.880142 0.988763
3500 1.00091 0.819909 0.981157
3600 1.00091 0.845397 0.98545
3700 1.00091 0.904503 0.981021
3800 1.00091 0.917381 0.990329
3900 1.00091 0.927905 0.990674
4000 1.00091 0.901133 0.986157
4100 1.00091 0.901503 0.989744
4200 1.00091 0.867003 0.981287
4300 1.00095 0.896324 0.982437
4400 1.00096 0.920675 0.99212
4500 1.00096 0.875401 0.978559
4600 1.00096 0.861963 0.987701
4700 1.00096 0.903872 0.990314
4800 1.00096 0.888799 0.978868
4900 1.00096 0.904677 0.989591
5000 1.00096 0.866841 0.979252
5100 1.00096 0.936707 0.990767
5200 1.00096 0.902601 0.99123
5300 1.00096 0.9257 0.993363
5400 1.00096 0.873011 0.977848
5500 1.00096 0.905685 0.984796
5600 1.00096 0.905995 0.981592
5700 1.00096 0.896036 0.985234
5800 1.00096 0.911313 0.985956
5900 1.00096 0.90902 0.986479
6000 1.00096 0.891281 0.988409
6100 1.00096 0.848712 0.978721
6200 1.00096 0.89122 0.986703
6300 1.00096 0.892249 0.986168
6400 1.00096 0.860342 0.988298
6500 1.00096 0.912352 0.988912
6600 1.00096 0.922469 0.990021
6700 1.00097 0.878911 0.97846
6800 1.00097 0.895818 0.982065
6900 1.00097 0.876363 0.99019
7000 1.00097 0.920415 0.989218
7100 1.00097 0.883885 0.986445
7200 1.00097 0.910181 0.983127
7300 1.00097 0.820617 0.987261
7400 1.00097 0.875308 0.979102
7500 1.00097 0.904538 0.992493
7600 1.00097 0.873391 0.989036
7700 1.00097 0.862718 0.988534
7800 1.00097 0.908198 0.979738
7900 1.00097 0.888791 0.988243
8000 1.00097 0.87224 0.990886
8100 1.00097 0.911307 0.992778
8200 1.00097 0.877145 0.989016
8300 1.00097 0.91397 0.983092
8400 1.00097 0.882451 0.973534
8500 1.00097 0.864978 0.987295
8600 1.00097 0.864689 0.984214
8700 1.00097 0.867392 0.984784
8800 1.00097 0.897639 0.986228
8900 1.00097 0.911626 0.989394
9000 1.00097 0.904792 0.989583
9100 1.00097 0.836683 0.976211
9200 1.00097 0.90642 0.986458
9300 1.00097 0.890514 0.983374
9400 1.00097 0.891548 0.982407
9500 1.00097 0.907524 0.99087
9600 1.00097 0.812977 0.974371
9700 1.00097 0.893175 0.986816
9800 1.00097 0.821454 0.977562
9900 1.00097 0.897605 0.984276
10000 1.00097 0.897277 0.985844
