0 0.442304 0.105999 0.251273
100 0.973243 0.882075 0.962536
200 0.992893 0.859674 0.964728
300 0.994978 0.916485 0.986696
400 0.997055 0.827019 0.980176
500 0.998267 0.862226 0.984965
600 0.998352 0.872787 0.984454
700 0.998419 0.872997 0.985352
800 0.999854 0.924563 0.990672
900 1.00001 0.854889 0.975777
1000 1.00006 0.906606 0.990103
1100 1.00015 0.891542 0.981276
1200 1.00016 0.898285 0.987912
1300 1.0002 0.869872 0.983672
1400 1.00022 0.884094 0.985642
1500 1.00025 0.85366 0.990846
1600 1.00029 0.824631 0.98595
1700 1.00033 0.862128 0.993644
1800 1.00039 0.89958 0.980721
1900 1.00047 0.85605 0.980299
2000 1.00055 0.910964 0.989514
2100 1.0006 0.861092 0.987567
2200 1.00068 0.898067 0.987717
2300 1.00069 0.798012 0.981847
2400 1.00069 0.920492 0.989367
2500 1.0007 0.82219 0.97922
2600 1.0007 0.922995 0.991862
2700 1.0007 0.892457 0.986896
2800 1.00071 0.927831 0.991579
2900 1.00079 0.917948 0.997351
3000 1.0008 0.905059 0.98652
3100 1.0008 0.869007 0.978054
3200 1.00081 0.903883 0.97995
3300 1.00081 0.91668 0.986274
3400 1.00081 0.91819 0.986609
3500 1.00082 0.877252 0.98903
3600 1.00082 0.925975 0.988893
3700 1.00082 0.877599 0.994061
3800 1.00082 0.849543 0.990586
3900 1.00082 0.877836 0.981838
4000 1.00082 0.926109 0.989153
4100 1.00082 0.871505 0.983838
4200 1.00082 0.896267 0.98207
4300 1.00082 0.879797 0.976855
4400 1.00082 0.897689 0.984821
4500 1.00082 0.836526 0.989294
4600 1.00083 0.80587 0.977257
4700 1.00083 0.863883 0.987704
4800 1.00083 0.893509 0.977606
4900 1.00084 0.902723 0.984636
5000 1.00085 0.913785 0.992042
5100 1.00085 0.92245 0.990516
5200 1.00085 0.859737 0.982902
5300 1.00085 0.833316 0.97898
5400 1.00085 0.888235 0.985292
5500 1.00085 0.927806 0.989472
5600 1.00085 0.916928 0.992007
5700 1.00085 0.883638 0.984596
5800 1.00085 0.915962 0.991509
5900 1.00085 0.849813 0.969019
6000 1.00085 0.897567 0.985212
6100 1.00085 0.901524 0.985567
6200 1.00085 0.876393 0.980747
6300 1.00085 0.892285 0.981162
6400 1.00085 0.865684 0.98954
6500 1.00085 0.893087 0.982302
6600 1.00085 0.870463 0.984165
6700 1.00085 0.896058 0.985551
6800 1.00085 0.899992 0.984153
6900 1.00085 0.914814 0.991129
7000 1.00085 0.931256 0.993934
7100 1.00085 0.88152 0.986897
7200 1.00085 0.882189 0.993032
7300 1.00085 0.887076 0.985933
7400 1.00085 0.914469 0.983178
7500 1.00085 0.896581 0.981588
7600 1.00085 0.858963 0.982099
7700 1.00085 0.87648 0.980472
7800 1.00085 0.909212 0.986114
7900 1.00085 0.917851 0.991411
8000 1.00085 0.90911 0.986961
8100 1.00085 0.863155 0.99074
8200 1.00085 0.875605 0.977273
8300 1.00085 0.875623 0.981002
8400 1.00085 0.881256 0.986103
8500 1.00085 0.916119 0.98693
8600 1.00085 0.920978 0.990675
8700 1.00085 0.902923 0.983375
8800 1.00085 0.917645 0.991157
8900 1.00085 0.886613 0.985904
9000 1.00085 0.856626 0.984019
9100 1.00085 0.862161 0.983023
9200 1.00085 0.903258 0.987096
9300 1.00085 0.882819 0.993299
9400 1.00085 0.889787 0.983626
9500 1.00085 0.85012 0.972031
9600 1.00085 0.894851 0.986439
9700 1.00085 0.913314 0.987588
9800 1.00085 0.856737 0.976877
9900 1.00085 0.884058 0.987567
10000 1.00085 0.903898 0.989622
