50 0.270867 0.149032 1.86951e-05
100 0.359485 0.195552 3.37176e-05
150 0.429836 0.296645 1.14731e-06
200 0.46601 0.333572 0.000209791
250 0.50231 0.363786 0.000592981
300 0.524286 0.383231 0.0050001
350 0.536005 0.372264 0.00153407
400 0.536425 0.384545 0.0095661
450 0.544286 0.412278 0.0215013
500 0.552378 0.423096 0.0108797
550 0.578303 0.388669 0.00407638
600 0.590233 0.426755 0.0424283
650 0.596173 0.449873 0.00814054
700 0.606613 0.447924 0.00479609
750 0.606613 0.46481 0.0844121
800 0.61491 0.461259 0.024395
850 0.619646 0.497797 0.0618388
900 0.633316 0.476646 0.0306593
950 0.636999 0.482674 0.025881
1000 0.640107 0.44569 0.00455368
1050 0.643658 0.473869 0.0735167
1100 0.65173 0.50546 0.0332777
1150 0.652173 0.514499 0.0379377
1200 0.663091 0.518768 0.0722742
1250 0.665654 0.489732 0.0356763
1300 0.674987 0.533266 0.155275
1350 0.676744 0.550608 0.175302
1400 0.678911 0.551274 0.0612788
1450 0.682747 0.525729 0.049485
1500 0.683396 0.534883 0.0549427
1550 0.700103 0.565143 0.117703
1600 0.700399 0.534842 0.0755476
1650 0.700399 0.567716 0.0554121
1700 0.707857 0.548246 0.0789894
1750 0.709944 0.549453 0.0539825
1800 0.709979 0.534146 0.0696206
1850 0.710905 0.58995 0.295125
1900 0.711726 0.588205 0.0536025
1950 0.724998 0.589804 0.250774
2000 0.725768 0.595645 0.0640594
2050 0.725796 0.602439 0.0995114
2100 0.725817 0.574987 0.140807
2150 0.725839 0.5821 0.159378
2200 0.726534 0.6156 0.136411
2250 0.726587 0.598824 0.223751
2300 0.726587 0.585133 0.190571
2350 0.726587 0.60402 0.18851
2400 0.726763 0.590705 0.0233865
2450 0.726763 0.61605 0.223259
2500 0.727912 0.580765 0.162754
2550 0.727942 0.624204 0.319132
2600 0.727972 0.621927 0.290145
2650 0.729109 0.608239 0.072201
2700 0.737162 0.625389 0.181512
2750 0.737162 0.581935 0.136309
2800 0.737778 0.639457 0.330678
2850 0.737821 0.632654 0.214044
2900 0.7384 0.652791 0.37795
2950 0.73908 0.635148 0.221879
3000 0.745212 0.64236 0.232323
3050 0.745212 0.632468 0.201277
3100 0.745483 0.648427 0.406282
3150 0.7487 0.666715 0.368496
3200 0.753295 0.668398 0.294871
3250 0.753446 0.670439 0.34703
3300 0.753878 0.670049 0.287969
3350 0.75514 0.662389 0.287235
3400 0.755949 0.664704 0.323307
3450 0.761304 0.682046 0.381504
3500 0.76726 0.701947 0.512476
3550 0.773398 0.708622 0.456978
3600 0.784445 0.722567 0.536425
3650 0.79008 0.728281 0.433928
3700 0.792334 0.715407 0.34284
3750 0.79245 0.732748 0.412992
3800 0.793596 0.726075 0.319839
3850 0.794569 0.723457 0.375023
3900 0.794569 0.752639 0.56586
3950 0.794569 0.734052 0.415475
4000 0.794569 0.738086 0.427863
4050 0.794625 0.750371 0.629029
4100 0.796225 0.757724 0.540414
4150 0.797267 0.757912 0.557116
4200 0.797284 0.748088 0.469471
4250 0.798291 0.752586 0.537372
4300 0.798566 0.75642 0.591866
4350 0.799504 0.760431 0.571358
4400 0.799507 0.763969 0.632477
4450 0.799507 0.764848 0.651259
4500 0.799507 0.77374 0.713197
4550 0.800429 0.774115 0.667804
4600 0.801399 0.779164 0.737162
4650 0.802567 0.774278 0.723873
4700 0.80329 0.781498 0.722786
4750 0.80337 0.782184 0.741158
4800 0.803503 0.788563 0.746111
4850 0.803593 0.789374 0.745801
4900 0.803727 0.792351 0.777199
4950 0.803813 0.793341 0.779431
5000 0.803953 0.79583 0.80329
