50 24.7567 23.565 21.84
100 33.1515 31.9579 29.8518
150 38.3555 37.2595 34.9772
200 41.1429 40.2415 38.2364
250 42.9644 42.0437 39.6507
300 44.1096 43.274 41.0458
350 45.109 44.2556 41.8961
400 45.8057 44.9906 42.4778
450 46.3939 45.5062 43.0357
500 46.8683 45.9325 43.2093
550 47.1954 46.3098 43.997
600 47.516 46.5782 43.9422
650 47.7959 46.9423 44.517
700 48.0275 47.2345 44.7231
750 48.2029 47.3184 44.8214
800 48.3646 47.4774 45.1638
850 48.4902 47.5603 45.3084
900 48.5942 47.6623 45.2472
950 48.672 47.8109 45.2185
1000 48.7837 47.932 45.3914
1050 48.8415 47.932 45.2133
1100 48.8919 47.9893 45.3152
1150 48.9578 48.0808 45.5023
1200 49.0131 48.189 45.8983
1250 49.0578 48.1842 45.5169
1300 49.0879 48.2868 45.8138
1350 49.1238 48.2811 45.7711
1400 49.1584 48.2549 45.8335
1450 49.1809 48.4092 45.9933
1500 49.2072 48.3207 45.7034
1550 49.2375 48.3623 45.7341
1600 49.2617 48.3656 45.8515
1650 49.2904 48.4571 45.8562
1700 49.3096 48.4375 45.9652
1750 49.3258 48.4367 45.4391
1800 49.3461 48.5527 45.9624
1850 49.3605 48.4701 45.5788
1900 49.3754 48.5987 45.8446
1950 49.384 48.5483 46.025
2000 49.3946 48.5344 46.1033
2050 49.4088 48.5101 45.8621
2100 49.4248 48.5436 45.9441
2150 49.4318 48.5956 45.891
2200 49.4447 48.6002 46.1737
2250 49.4566 48.5607 45.7666
2300 49.4664 48.6136 45.8575
2350 49.4777 48.6426 46.1484
2400 49.4842 48.6664 45.9909
2450 49.4911 48.7382 45.8588
2500 49.4938 48.6347 45.994
2550 49.4988 48.7012 45.9204
2600 49.504 48.6957 46.1684
2650 49.5118 48.6502 46.2026
2700 49.5167 48.7143 46.3322
2750 49.5251 48.7127 46.3799
2800 49.5289 48.7201 46.2987
2850 49.5341 48.6755 46.2925
2900 49.5379 48.7259 46.237
2950 49.5431 48.7264 46.2019
3000 49.5475 48.6932 46.0561
3050 49.5509 48.8179 46.4306
3100 49.5532 48.6987 46.1297
3150 49.5571 48.6606 45.9884
3200 49.5598 48.7714 46.56
3250 49.5636 48.7313 46.3197
3300 49.5671 48.8075 46.5228
3350 49.5689 48.7745 45.927
3400 49.5706 48.7698 46.4615
3450 49.573 48.7181 46.0715
3500 49.5742 48.7568 46.1041
3550 49.5769 48.7086 46.3703
3600 49.5787 48.8279 46.4851
3650 49.5842 48.7702 46.28
3700 49.5857 48.7535 46.033
3750 49.5875 48.7282 46.0016
3800 49.5887 48.8705 46.5131
3850 49.5915 48.7894 46.4683
3900 49.5927 48.8449 46.4014
3950 49.5937 48.869 46.3474
4000 49.5952 48.9153 46.6284
4050 49.5964 48.8029 46.2538
4100 49.5988 48.8409 46.1852
4150 49.5999 48.8404 46.3799
4200 49.6008 48.789 46.391
4250 49.6016 48.885 46.5734
4300 49.6036 48.8066 46.4224
4350 49.605 48.8501 46.389
4400 49.6058 48.8379 46.3187
4450 49.6067 48.7659 46.5052
4500 49.608 48.9199 46.9164
4550 49.609 48.7811 46.1415
4600 49.6096 48.8317 46.6509
4650 49.6107 48.915 46.6702
4700 49.612 48.8571 46.5216
4750 49.6128 48.8617 46.4555
4800 49.6141 48.8936 46.6367
4850 49.6146 48.8888 46.5844
4900 49.615 48.9025 46.6096
4950 49.616 48.9699 46.6966
5000 49.6165 48.9867 46.8842
5050 49.6167 48.8988 46.7285
5100 49.617 48.8984 46.6144
5150 49.6173 49.0298 47.046
5200 49.6176 49.0245 46.7684
5250 49.6181 48.9942 46.7971
5300 49.6184 49.0448 46.9001
5350 49.6185 48.9399 46.7787
5400 49.6187 49.0001 46.7839
5450 49.6191 49.0022 46.7415
5500 49.6193 49.0474 47.016
5550 49.6194 49.0604 46.7457
5600 49.6197 48.9925 46.8616
5650 49.62 49.1163 47.3057
5700 49.6201 49.0908 47.1767
5750 49.6204 49.1068 47.0428
5800 49.6205 49.0433 46.9076
5850 49.6208 49.1187 46.9586
5900 49.6209 49.2281 47.3865
5950 49.6211 49.1865 47.3204
6000 49.6213 49.1683 47.1924
6050 49.6213 49.1931 47.3818
6100 49.6214 49.1947 47.2881
6150 49.6215 49.2401 47.5001
6200 49.6216 49.2422 47.4185
6250 49.6216 49.2745 47.5186
6300 49.6217 49.2592 47.4683
6350 49.6217 49.303 47.8314
6400 49.6218 49.3752 47.9554
6450 49.6218 49.3527 47.9253
6500 49.6218 49.3132 47.6238
6550 49.6219 49.3777 47.8189
6600 49.6219 49.3722 47.8648
6650 49.622 49.4005 48.035
6700 49.622 49.449 48.2629
6750 49.622 49.4275 48.1404
6800 49.622 49.4629 48.2327
6850 49.622 49.4701 48.371
6900 49.622 49.4905 48.4453
6950 49.622 49.4735 48.3713
7000 49.6221 49.4971 48.5592
7050 49.6221 49.5078 48.5645
7100 49.6221 49.5302 48.6772
7150 49.6221 49.5354 48.7463
7200 49.6221 49.5387 48.6675
7250 49.6221 49.5639 48.9492
7300 49.6221 49.5594 48.9508
7350 49.6221 49.5829 49.1329
7400 49.6221 49.5767 49.0178
7450 49.6221 49.588 49.1402
7500 49.6221 49.5974 49.2473
7550 49.6221 49.6033 49.3734
7600 49.6221 49.6088 49.3765
7650 49.6221 49.6046 49.3351
7700 49.6221 49.6109 49.4298
7750 49.6221 49.6114 49.4802
7800 49.6221 49.6141 49.5007
7850 49.6221 49.6151 49.4891
7900 49.6221 49.6181 49.5602
7950 49.6221 49.6178 49.5437
8000 49.6221 49.6193 49.5834
8050 49.6221 49.6197 49.5764
8100 49.6221 49.62 49.5873
8150 49.6221 49.6202 49.5951
8200 49.6221 49.621 49.6037
8250 49.6221 49.6213 49.6091
8300 49.6221 49.6216 49.6119
8350 49.6221 49.6216 49.6143
8400 49.6221 49.6219 49.6183
8450 49.6221 49.6219 49.6182
8500 49.6221 49.6219 49.6184
8550 49.6221 49.622 49.6201
8600 49.6221 49.622 49.6198
8650 49.6221 49.6221 49.6213
8700 49.6221 49.6221 49.6215
8750 49.6221 49.6221 49.6218
8800 49.6221 49.6221 49.6219
8850 49.6221 49.6221 49.6219
8900 49.6221 49.6221 49.622
8950 49.6221 49.6221 49.6221
9000 49.6221 49.6221 49.6221
9050 49.6221 49.6221 49.6221
9100 49.6221 49.6221 49.6221
9150 49.6221 49.6221 49.6221
9200 49.6221 49.6221 49.6221
9250 49.6221 49.6221 49.6221
9300 49.6221 49.6221 49.6221
9350 49.6221 49.6221 49.6221
9400 49.6221 49.6221 49.6221
9450 49.6221 49.6221 49.6221
9500 49.6221 49.6221 49.6221
9550 49.6221 49.6221 49.6221
9600 49.6221 49.6221 49.6221
9650 49.6221 49.6221 49.6221
9700 49.6221 49.6221 49.6221
9750 49.6221 49.6221 49.6221
9800 49.6221 49.6221 49.6221
9850 49.6221 49.6221 49.6221
9900 49.6221 49.6221 49.6221
9950 49.6221 49.6221 49.6221
10000 49.6221 49.6221 49.6221
